Polarization of Light 'Brewsters' Data File Tue, Jan 23, 2018 10:59 AM
Sensor Position (Degrees)	Light Intensity (Volts)
180.00000	0.96342
180.00000	0.96857
180.00000	0.97083
180.00000	0.96986
180.00000	0.97018
180.00000	0.96632
180.00000	0.97018
180.00000	0.96841
180.00000	0.95826
180.00000	0.96744
180.00000	0.96728
180.00000	0.96245
180.00000	0.96116
180.00000	0.96873
180.00000	0.96728
180.00000	0.96052
180.00000	0.96454
180.00000	0.96938
180.00000	0.96503
180.00000	0.96744
180.00000	0.97051
180.00000	0.96583
180.00000	0.96664
180.00000	0.96906
180.00000	0.96551
180.00000	0.97002
180.00000	0.97051
180.00000	0.97083
180.00000	0.96583
180.00000	0.96245
180.00000	0.97018
180.00000	0.96825
180.00000	0.96761
180.00000	0.96342
180.00000	0.96712
180.00000	0.96712
180.00000	0.96261
180.00000	0.96889
180.00000	0.96632
180.00000	0.96326
180.00000	0.96229
180.00000	0.95826
180.00000	0.96358
180.00000	0.96036
180.00000	0.96567
180.00000	0.96261
180.00000	0.96632
180.00000	0.96374
180.00000	0.96390
180.00000	0.96616
180.00000	0.96342
180.00000	0.96164
180.00000	0.96100
180.00000	0.96519
180.00000	0.96535
180.00000	0.96616
180.00000	0.96342
180.00000	0.96599
180.00000	0.96648
180.00000	0.96777
180.00000	0.96309
180.00000	0.95891
180.00000	0.96519
180.00000	0.96761
180.00000	0.96809
180.00000	0.96374
180.00000	0.96197
180.00000	0.96777
180.00000	0.96809
180.00000	0.96374
180.00000	0.96471
180.00000	0.96841
180.00000	0.96229
180.00000	0.96503
180.00000	0.96583
180.00000	0.96970
180.00000	0.97067
180.00000	0.97002
180.00000	0.97131
180.00000	0.96906
180.00000	0.97179
180.00000	0.96680
180.00000	0.96680
180.00000	0.96954
180.00000	0.96712
180.00000	0.97067
180.00000	0.96889
180.00000	0.96970
180.00000	0.96648
180.00000	0.97163
180.00000	0.96954
180.00000	0.96712
180.00000	0.97276
180.00000	0.97212
180.00000	0.96825
180.00000	0.96857
180.00000	0.96761
180.00000	0.97341
180.00000	0.97276
180.00000	0.97034
180.00000	0.96954
180.00000	0.96712
180.00000	0.96841
180.00000	0.96471
180.00000	0.97212
180.00000	0.97840
180.00000	0.96809
180.00000	0.95874
180.00000	0.96342
180.00000	0.97486
180.00000	0.97276
180.00000	0.95472
180.00000	0.95278
180.00000	0.95423
180.00000	0.95987
180.00000	0.95697
180.00000	0.96326
180.00000	0.96406
180.00000	0.96567
180.00000	0.92330
180.00000	0.92539
180.00000	0.92507
180.00000	0.94151
180.00000	0.94167
180.00000	0.94070
180.00000	0.93844
180.00000	0.94843
180.00000	0.95439
180.00000	0.94988
180.00000	0.95278
180.00000	0.95391
180.00000	0.96052
180.00000	0.95601
180.00000	0.96487
180.00000	0.96181
180.00000	0.95101
180.00000	0.94892
180.00000	0.93812
180.00000	0.93071
180.00000	0.96213
180.00000	0.97373
180.00000	0.97534
180.00000	0.97582
180.00000	0.97985
180.00000	0.97647
180.00000	0.98178
180.00000	0.98162
180.00000	0.98130
180.00000	0.97067
180.00000	0.97276
180.00000	0.98259
180.00000	0.98082
180.00000	0.98420
180.00000	0.97824
180.00000	0.98001
180.00000	0.97727
180.00000	0.97469
180.00000	0.97824
180.00000	0.97453
180.00000	0.97904
180.00000	0.98130
180.00000	0.97711
180.00000	0.98001
180.01667	0.97502
180.01667	0.97389
180.01667	0.97212
180.03333	0.95327
180.11667	0.91702
180.13333	0.88850
180.13333	0.89140
180.13333	0.91170
180.13333	0.92378
180.13333	0.94279
180.13333	0.93506
180.13333	0.93264
180.13333	0.93297
180.13333	0.94102
180.13333	0.94279
180.13333	0.93973
180.13333	0.93538
180.13333	0.93587
180.13333	0.93780
180.13333	0.95343
180.13333	0.94972
180.13333	0.95311
180.13333	0.95697
180.13333	0.95971
180.15000	0.96068
180.15000	0.95939
180.15000	0.97179
180.15000	0.97018
180.15000	0.96857
180.15000	0.97131
180.15000	0.96906
180.15000	0.96841
180.15000	0.96857
180.15000	0.96889
180.15000	0.96358
180.15000	0.96583
180.15000	0.97034
180.15000	0.97453
180.15000	0.96664
180.16667	0.96906
180.18333	0.96551
180.20000	0.96632
180.20000	0.96358
180.21667	0.96728
180.21667	0.96003
180.23333	0.96052
180.23333	0.95391
180.25000	0.95004
180.26667	0.93780
180.28333	0.93039
180.30000	0.91814
180.30000	0.91379
180.30000	0.90832
180.31667	0.90300
180.31667	0.89720
180.33333	0.90767
180.33333	0.91686
180.35000	0.91557
180.35000	0.92137
180.35000	0.91589
180.36667	0.91138
180.36667	0.90477
180.36667	0.93248
180.38333	0.94634
180.38333	0.97115
180.40000	0.95729
180.43333	0.96052
180.46667	0.96809
180.50000	0.96712
180.51667	0.95697
180.53333	0.95294
180.55000	0.96261
180.55000	0.96068
180.56667	0.94553
180.56667	0.93136
180.58333	0.93087
180.60000	0.91138
180.60000	0.92717
180.61667	0.91686
180.61667	0.91089
180.63333	0.90219
180.65000	0.89623
180.65000	0.88979
180.66667	0.91895
180.68333	0.93812
180.71667	0.95665
180.73333	0.95262
180.75000	0.95874
180.75000	0.95488
180.76667	0.95568
180.76667	0.95746
180.76667	0.95971
180.78333	0.95842
180.80000	0.96342
180.80000	0.96036
180.81667	0.96309
180.83333	0.96326
180.85000	0.95311
180.85000	0.95246
180.85000	0.93812
180.86667	0.95053
180.86667	0.95504
180.86667	0.96245
180.86667	0.96664
180.86667	0.97228
180.88333	0.96309
180.90000	0.95746
180.90000	0.95101
180.90000	0.94650
180.91667	0.95665
180.91667	0.95085
180.93333	0.94167
180.93333	0.92894
180.95000	0.92604
180.96667	0.91669
180.96667	0.92040
180.96667	0.91847
180.96667	0.92169
180.96667	0.90590
180.98333	0.90654
181.00000	0.91170
181.03333	0.92394
181.06667	0.95021
181.08333	0.96293
181.08333	0.97196
181.08333	0.96744
181.08333	0.96535
181.08333	0.97776
181.10000	0.97824
181.10000	0.97550
181.10000	0.96358
181.10000	0.96181
181.10000	0.95923
181.10000	0.97614
181.10000	0.97083
181.10000	0.95601
181.11667	0.96229
181.11667	0.96422
181.11667	0.96374
181.11667	0.96938
181.11667	0.96164
181.11667	0.95746
181.13333	0.95713
181.13333	0.95826
181.15000	0.93844
181.18333	0.95182
181.18333	0.95536
181.20000	0.96583
181.20000	0.96583
181.21667	0.98259
181.21667	0.98774
181.21667	0.97824
181.23333	0.98243
181.26667	0.97292
181.28333	0.98565
181.31667	0.98549
181.33333	0.96986
181.35000	0.98694
181.36667	0.98968
181.40000	0.99419
181.41667	1.00305
181.43333	0.99806
181.45000	0.99902
181.45000	1.00160
181.45000	0.99290
181.46667	1.00224
181.46667	1.00482
181.46667	1.00901
181.50000	0.99822
181.51667	0.99789
181.55000	0.99822
181.58333	1.00418
181.60000	0.99451
181.61667	0.98774
181.61667	0.99870
181.61667	0.99612
181.63333	1.00982
181.63333	0.97888
181.65000	0.93490
181.65000	0.88898
181.66667	0.90751
181.66667	0.93571
181.66667	0.93119
181.68333	0.94618
181.68333	0.95439
181.68333	0.99806
181.68333	0.99886
181.68333	1.00176
181.68333	0.98114
181.68333	0.98211
181.68333	0.98001
181.68333	0.99226
181.68333	1.00321
181.68333	1.00273
181.68333	0.99419
181.68333	0.99806
181.70000	0.99145
181.73333	0.99177
181.78333	0.99596
181.81667	1.00514
181.86667	0.97212
181.90000	0.92491
181.90000	0.94876
181.90000	0.96116
181.90000	1.01449
181.90000	1.00901
181.91667	0.99177
181.91667	0.99902
181.91667	1.01368
181.91667	1.02206
181.91667	1.01078
181.91667	1.00514
181.93333	1.00788
181.95000	1.01336
181.95000	1.01078
181.96667	1.00498
181.96667	1.00321
181.98333	0.99789
182.00000	1.00353
182.00000	0.99806
182.01667	0.99371
182.03333	0.98033
182.05000	0.98323
182.05000	0.97389
182.06667	0.96970
182.06667	0.95794
182.08333	0.96261
182.08333	0.98420
182.10000	0.97792
182.11667	0.97985
182.11667	0.99193
182.11667	0.98968
182.11667	0.99499
182.13333	0.99612
182.13333	0.98613
182.13333	0.98903
182.15000	0.98694
182.18333	0.98436
182.20000	1.00643
182.20000	1.00579
182.21667	1.00804
182.23333	1.01948
182.25000	1.02013
182.28333	1.00917
182.31667	1.01803
182.33333	1.02142
182.33333	1.01868
182.35000	1.02222
182.35000	1.01884
182.36667	1.01320
182.36667	1.01288
182.40000	1.00482
182.41667	0.99016
182.43333	0.97260
182.45000	0.95021
182.45000	0.95762
182.45000	0.98356
182.46667	0.98033
182.48333	0.97518
182.48333	0.97695
182.50000	0.97663
182.51667	0.97453
182.55000	0.99354
182.56667	1.00063
182.58333	1.00289
182.60000	0.98791
182.61667	0.99371
182.61667	0.97453
182.63333	0.84677
182.63333	0.84822
182.65000	0.83759
182.66667	0.85644
182.66667	0.89768
182.68333	0.92217
182.68333	0.91041
182.70000	0.92878
182.71667	0.95504
182.75000	1.00273
182.78333	1.01014
182.83333	1.02416
182.86667	1.02222
182.91667	1.01787
182.95000	1.01981
182.96667	1.02142
182.98333	1.02931
183.00000	1.02109
183.01667	1.03447
183.01667	1.01223
183.05000	0.98823
183.06667	0.97840
183.08333	0.99951
183.11667	1.02126
183.13333	1.03576
183.16667	1.03978
183.20000	1.04510
183.21667	1.04977
183.25000	1.04671
183.26667	1.04816
183.26667	1.03914
183.28333	1.02899
183.30000	1.02512
183.31667	1.01191
183.33333	1.00547
183.35000	0.98887
183.36667	0.97711
183.38333	1.01078
183.38333	1.02802
183.40000	1.04542
183.41667	1.04816
183.43333	1.05251
183.46667	1.05573
183.48333	1.05090
183.48333	1.03302
183.50000	1.03833
183.50000	1.05316
183.51667	1.04977
183.53333	1.04719
183.56667	1.02657
183.58333	1.02867
183.61667	1.04156
183.65000	1.04784
183.66667	1.05155
183.68333	1.05783
183.68333	1.05203
183.70000	1.05187
183.70000	1.05412
183.71667	1.04574
183.71667	1.03833
183.71667	0.99209
183.71667	0.95343
183.71667	1.00917
183.71667	1.01981
183.71667	1.02851
183.71667	1.02448
183.73333	1.01771
183.73333	1.01691
183.73333	1.01336
183.73333	1.00547
183.73333	1.00531
183.73333	1.01368
183.75000	1.00676
183.75000	1.01223
183.75000	1.01175
183.75000	1.00547
183.75000	1.00321
183.75000	1.00418
183.75000	1.00321
183.76667	1.00257
183.76667	0.99757
183.78333	0.98952
183.80000	0.97776
183.83333	0.97695
183.86667	1.00112
183.91667	1.00208
183.93333	1.02448
183.93333	1.01288
183.93333	0.99161
183.93333	0.94134
183.93333	0.85950
183.95000	0.61606
183.95000	0.56450
183.95000	0.68695
183.96667	0.75768
183.96667	0.78764
183.98333	0.81697
183.98333	0.82550
184.00000	0.90542
184.01667	0.93490
184.05000	0.96873
184.06667	0.98211
184.08333	0.99290
184.08333	0.98678
184.10000	0.98307
184.10000	0.99242
184.10000	0.98339
184.10000	0.98501
184.10000	0.97614
184.11667	0.97002
184.11667	0.97163
184.13333	0.96406
184.13333	0.97631
184.13333	0.97067
184.15000	0.97244
184.16667	0.96906
184.18333	0.97405
184.20000	0.97904
184.23333	0.98871
184.26667	1.00659
184.28333	1.00563
184.28333	0.99419
184.28333	1.00434
184.28333	0.99918
184.30000	0.99483
184.31667	0.97614
184.33333	1.05525
184.35000	1.07507
184.36667	1.08022
184.36667	1.08425
184.36667	1.08457
184.38333	1.08280
184.38333	1.05896
184.40000	1.07072
184.43333	1.06991
184.45000	1.07346
184.48333	1.08296
184.50000	1.08618
184.50000	1.08087
184.51667	1.08844
184.53333	1.08296
184.53333	1.07974
184.55000	1.07507
184.55000	1.06572
184.55000	1.06250
184.55000	1.05702
184.55000	1.05686
184.56667	1.05735
184.56667	1.06282
184.56667	1.04268
184.56667	1.04977
184.56667	1.05235
184.58333	1.04703
184.58333	1.04993
184.58333	1.04510
184.61667	1.04301
184.65000	1.05074
184.68333	1.05348
184.71667	1.06991
184.75000	1.06121
184.76667	1.07233
184.80000	1.07394
184.83333	1.07620
184.86667	1.05509
184.90000	1.03253
184.90000	1.00015
184.91667	1.00047
184.91667	1.00595
184.91667	1.00498
184.91667	1.00402
184.91667	0.99773
184.93333	0.99773
184.93333	0.98549
184.93333	0.99113
184.95000	1.00160
184.96667	1.01336
184.98333	1.00611
185.00000	1.00418
185.01667	1.01981
185.03333	1.01803
185.03333	1.00788
185.05000	0.99274
185.06667	0.98275
185.06667	0.97147
185.08333	0.96148
185.08333	0.95037
185.08333	0.95536
185.10000	0.94167
185.11667	0.92266
185.15000	0.90300
185.18333	0.88721
185.23333	0.92523
185.25000	1.01755
185.25000	1.02931
185.26667	1.03286
185.26667	1.03769
185.26667	1.01819
185.26667	1.00982
185.28333	0.97421
185.28333	0.95907
185.30000	0.95439
185.31667	0.94714
185.33333	0.93136
185.35000	0.94054
185.38333	0.94167
185.40000	0.97856
185.43333	0.98307
185.45000	1.01836
185.48333	1.01288
185.50000	1.01626
185.51667	1.00724
185.53333	1.02367
185.55000	1.01481
185.56667	1.00901
185.60000	0.99806
185.63333	0.95343
185.66667	0.96132
185.70000	0.92636
185.71667	0.93152
185.75000	0.99258
185.78333	1.00756
185.81667	1.04526
185.85000	1.04301
185.88333	1.02931
185.88333	1.00917
185.88333	0.99725
185.88333	0.99918
185.90000	0.99628
185.90000	0.98098
185.90000	0.96599
185.90000	0.96148
185.90000	0.95166
185.90000	0.96293
185.90000	0.97212
185.90000	0.96777
185.90000	0.97131
185.90000	0.97179
185.90000	0.96777
185.91667	0.95536
185.93333	0.91718
185.98333	0.89188
186.01667	0.83517
186.05000	0.84500
186.06667	0.90381
186.08333	0.96986
186.08333	0.97598
186.08333	0.97228
186.08333	0.95584
186.08333	0.90091
186.10000	0.90058
186.11667	0.90187
186.11667	0.87013
186.15000	0.85918
186.15000	0.85016
186.16667	0.87738
186.18333	0.90332
186.18333	0.93989
186.20000	0.96664
186.21667	0.95359
186.23333	0.92427
186.25000	0.88802
186.26667	0.86192
186.26667	0.89478
186.26667	0.93087
186.26667	0.94811
186.26667	0.95729
186.28333	0.97614
186.28333	0.96922
186.28333	0.98388
186.28333	0.97888
186.30000	0.98855
186.30000	0.99226
186.30000	1.00418
186.33333	1.00547
186.38333	1.05332
186.43333	1.08699
186.45000	1.10439
186.45000	1.11003
186.45000	1.11035
186.45000	1.11228
186.45000	1.10826
186.45000	1.10729
186.45000	1.11148
186.45000	1.11293
186.45000	1.10536
186.45000	1.11083
186.45000	1.10503
186.45000	1.10648
186.45000	1.10165
186.46667	1.10165
186.46667	1.10648
186.46667	1.09891
186.46667	1.10761
186.46667	1.10197
186.46667	1.10246
186.46667	1.10971
186.46667	1.10971
186.46667	1.10165
186.48333	1.10101
186.48333	1.10407
186.48333	1.10004
186.50000	1.09472
186.51667	1.08457
186.55000	1.07636
186.58333	1.05396
186.60000	1.04268
186.61667	1.06186
186.61667	1.06170
186.61667	1.06669
186.63333	1.05751
186.63333	1.04703
186.65000	1.04059
186.65000	1.02883
186.66667	1.01836
186.68333	0.98629
186.71667	0.95214
186.73333	0.92636
186.73333	0.90880
186.75000	0.91267
186.76667	0.94698
186.76667	1.00708
186.78333	1.02093
186.80000	1.02480
186.80000	1.02045
186.80000	1.01078
186.81667	1.00885
186.83333	1.02673
186.85000	1.04800
186.85000	1.06588
186.86667	1.07088
186.86667	1.08022
186.88333	1.08602
186.88333	1.08538
186.88333	1.09086
186.88333	1.09714
186.88333	1.09392
186.90000	1.10230
186.90000	1.10729
186.90000	1.10020
186.91667	1.09537
186.91667	1.09005
186.93333	1.09102
186.93333	1.09585
186.93333	1.10085
186.95000	1.09714
186.96667	1.09650
187.00000	1.11261
187.03333	1.12405
187.06667	1.14467
187.08333	1.14870
187.10000	1.14241
187.11667	1.14193
187.13333	1.13983
187.15000	1.14451
187.16667	1.14128
187.16667	1.13855
187.18333	1.13629
187.20000	1.15192
187.21667	1.13838
187.21667	1.14483
187.23333	1.13677
187.23333	1.13468
187.25000	1.13468
187.25000	1.13001
187.25000	1.13291
187.25000	1.12002
187.26667	1.12260
187.26667	1.12163
187.26667	1.11841
187.26667	1.11857
187.28333	1.11180
187.30000	1.09666
187.30000	1.09182
187.33333	1.07571
187.35000	1.09633
187.36667	1.09907
187.38333	1.13806
187.40000	1.15530
187.43333	1.15578
187.45000	1.15417
187.46667	1.15176
187.50000	1.14853
187.53333	1.15160
187.56667	1.14708
187.58333	1.16158
187.60000	1.16368
187.60000	1.16175
187.61667	1.15788
187.61667	1.16465
187.63333	1.15836
187.65000	1.16303
187.68333	1.15546
187.70000	1.14515
187.73333	1.13774
187.73333	1.13710
187.73333	1.14435
187.73333	1.14064
187.75000	1.14064
187.75000	1.13597
187.75000	1.13629
187.75000	1.13468
187.75000	1.13355
187.75000	1.13097
187.76667	1.12936
187.76667	1.12211
187.76667	1.11792
187.76667	1.10810
187.78333	1.09569
187.80000	1.07958
187.80000	1.07877
187.81667	1.06137
187.83333	1.05316
187.85000	1.04220
187.88333	1.01127
187.91667	1.12807
187.93333	1.14257
187.96667	1.15305
187.98333	1.15433
188.00000	1.15820
188.00000	1.15820
188.03333	1.14660
188.05000	1.14000
188.08333	1.11583
188.10000	1.10632
188.11667	1.09440
188.11667	1.08989
188.13333	1.08006
188.13333	1.06814
188.13333	1.07152
188.15000	1.06202
188.15000	1.06105
188.16667	1.04075
188.18333	1.01465
188.21667	0.94553
188.25000	0.82969
188.30000	0.71514
188.31667	0.64522
188.33333	0.62524
188.35000	0.63265
188.35000	0.61139
188.36667	0.60623
188.36667	0.60607
188.36667	0.67648
188.36667	0.67438
188.36667	0.71595
188.36667	0.77443
188.36667	0.80601
188.38333	0.80150
188.38333	0.93732
188.38333	0.97904
188.38333	0.99773
188.38333	1.06846
188.38333	1.13919
188.38333	1.15981
188.38333	1.07330
188.38333	1.08232
188.38333	1.10520
188.38333	1.14257
188.38333	1.16432
188.38333	1.16690
188.38333	1.16787
188.38333	1.16706
188.38333	1.15321
188.38333	1.12308
188.38333	1.12711
188.38333	1.12260
188.38333	1.13242
188.38333	1.14000
188.38333	1.14467
188.38333	1.15885
188.38333	1.15949
188.38333	1.15836
188.38333	1.15836
188.38333	1.14918
188.38333	1.13983
188.38333	1.12662
188.38333	1.12807
188.38333	1.11325
188.38333	1.10987
188.38333	1.10906
188.38333	1.10890
188.38333	1.10874
188.38333	1.10552
188.40000	1.10310
188.40000	1.09327
188.46667	1.10503
188.51667	1.11341
188.56667	1.12292
188.56667	1.11873
188.56667	1.14870
188.56667	1.14048
188.58333	1.14177
188.58333	1.13162
188.60000	1.12082
188.61667	1.09875
188.63333	1.08232
188.65000	1.08828
188.65000	1.09569
188.65000	1.08844
188.65000	1.08989
188.66667	1.12098
188.66667	1.11583
188.66667	1.12002
188.66667	1.11180
188.66667	1.10471
188.66667	1.10246
188.66667	1.09746
188.66667	1.10342
188.66667	1.10197
188.66667	1.10407
188.68333	1.10487
188.68333	1.09907
188.68333	1.09795
188.70000	1.09247
188.70000	1.07974
188.71667	1.06701
188.71667	1.05171
188.71667	1.05364
188.71667	1.06653
188.71667	1.06927
188.71667	1.07168
188.71667	1.06846
188.71667	1.06782
188.71667	1.06669
188.71667	1.06605
188.71667	1.05992
188.71667	1.06685
188.71667	1.07346
188.71667	1.07893
188.71667	1.07152
188.71667	1.06315
188.71667	1.07813
188.71667	1.07652
188.75000	1.08022
188.85000	1.16207
188.93333	1.14161
188.96667	1.15143
189.00000	1.18350
189.01667	1.17786
189.01667	1.18720
189.01667	1.18205
189.01667	1.17995
189.01667	1.17045
189.03333	1.15611
189.05000	1.15192
189.06667	1.13645
189.08333	1.12840
189.10000	1.13726
189.11667	1.13500
189.13333	1.14596
189.15000	1.15369
189.15000	1.14982
189.15000	1.14773
189.15000	1.14628
189.15000	1.13822
189.15000	1.14273
189.15000	1.12292
189.15000	1.12791
189.16667	1.13484
189.16667	1.14483
189.16667	1.14596
189.18333	1.13855
189.18333	1.14290
189.20000	1.13758
189.23333	1.14902
189.26667	1.19413
189.30000	1.18591
189.33333	1.18092
189.33333	1.17190
189.33333	1.17995
189.33333	1.17657
189.35000	1.17383
189.36667	1.16980
189.38333	1.15514
189.40000	1.14692
189.43333	1.12743
189.46667	1.10052
189.48333	1.06766
189.50000	1.04462
189.51667	1.01981
189.51667	0.98871
189.53333	0.95649
189.55000	0.89639
189.55000	0.85660
189.56667	0.81439
189.56667	0.74479
189.58333	0.69227
189.60000	0.70886
189.60000	0.71305
189.60000	0.70499
189.60000	0.70451
189.61667	0.69694
189.61667	0.67648
189.61667	0.66230
189.63333	0.66004
189.63333	0.66423
189.63333	0.65457
189.63333	0.66826
189.63333	0.78652
189.65000	0.79586
189.65000	0.86772
189.68333	0.92507
189.71667	1.03447
189.76667	1.11680
189.78333	1.15740
189.78333	1.16239
189.78333	1.16030
189.78333	1.16448
189.78333	1.16191
189.78333	1.15997
189.80000	1.16336
189.80000	1.15433
189.80000	1.16207
189.80000	1.15740
189.80000	1.16287
189.80000	1.15256
189.80000	1.15740
189.81667	1.14467
189.85000	1.12292
189.86667	1.11164
189.88333	1.12437
189.88333	1.11680
189.88333	1.12437
189.88333	1.11228
189.88333	1.11647
189.88333	1.11309
189.88333	1.11100
189.88333	1.09134
189.88333	1.07797
189.88333	1.08409
189.88333	1.08490
189.88333	1.08103
189.88333	1.08618
189.90000	1.08876
189.90000	1.09311
189.90000	1.09198
189.90000	1.08683
189.90000	1.09086
189.90000	1.08844
189.90000	1.06975
189.90000	1.07877
189.90000	1.07942
189.91667	1.07346
189.93333	1.06701
189.95000	1.03608
190.00000	1.01981
190.01667	1.02931
190.03333	1.02609
190.05000	1.08763
190.06667	1.09827
190.08333	1.08296
190.10000	1.07313
190.11667	1.04317
190.13333	1.02351
190.15000	1.02867
190.15000	1.05316
190.16667	1.04107
190.18333	1.01803
190.18333	0.99419
190.20000	0.99064
190.20000	1.00498
190.20000	1.04671
190.20000	1.06766
190.23333	1.04961
190.25000	1.05541
190.28333	1.09972
190.30000	1.12727
190.30000	1.14209
190.31667	1.15272
190.33333	1.15981
190.36667	1.15611
190.38333	1.15514
190.40000	1.15095
190.40000	1.16819
190.41667	1.18462
190.41667	1.20460
190.43333	1.21217
190.43333	1.21427
190.45000	1.21411
190.45000	1.20380
190.46667	1.22168
190.50000	1.21765
190.51667	1.22120
190.53333	1.22216
190.53333	1.22474
190.55000	1.22683
190.56667	1.22442
190.56667	1.22458
190.58333	1.21797
190.60000	1.22329
190.61667	1.21813
190.65000	1.20460
190.66667	1.19139
190.70000	1.17770
190.71667	1.16996
190.73333	1.16046
190.73333	1.13774
190.75000	1.13661
190.75000	1.12678
190.76667	1.10745
190.78333	1.07926
190.81667	1.03124
190.83333	0.99773
190.85000	0.96454
190.86667	0.93377
190.88333	0.92153
190.90000	0.97163
190.91667	1.03237
190.91667	1.05122
190.93333	1.05090
190.95000	1.06025
190.96667	1.07120
190.96667	1.05332
190.98333	1.05316
190.98333	1.05992
191.00000	1.04397
191.03333	1.09070
191.05000	1.11438
191.06667	1.11583
191.08333	1.11083
191.10000	1.12163
191.11667	1.12840
191.13333	1.13500
191.15000	1.13436
191.16667	1.10810
191.18333	1.08280
191.20000	1.05187
191.21667	1.05380
191.23333	1.03833
191.25000	1.04236
191.26667	1.03817
191.30000	1.05735
191.31667	1.01723
191.35000	0.96777
191.36667	0.96519
191.38333	0.98919
191.38333	1.01658
191.38333	1.04156
191.38333	1.04558
191.38333	1.04881
191.40000	1.06186
191.40000	1.07378
191.40000	1.07555
191.41667	1.08490
191.45000	1.11309
191.46667	1.13194
191.48333	1.13291
191.48333	1.14676
191.48333	1.15514
191.50000	1.14789
191.50000	1.14628
191.50000	1.14306
191.51667	1.13629
191.51667	1.12018
191.53333	1.11486
191.53333	1.12356
191.53333	1.13983
191.55000	1.13790
191.56667	1.15079
191.58333	1.13403
191.60000	1.13565
191.61667	1.14982
191.63333	1.15498
191.63333	1.16448
191.65000	1.16481
191.66667	1.16577
191.68333	1.16771
191.68333	1.16384
191.68333	1.16706
191.68333	1.16384
191.68333	1.15595
191.70000	1.15256
191.70000	1.14531
191.70000	1.14773
191.71667	1.14290
191.71667	1.15288
191.75000	1.14483
191.78333	1.12662
191.80000	1.12598
191.83333	1.12372
191.85000	1.12550
191.86667	1.14547
191.90000	1.14966
191.93333	1.15466
191.95000	1.15498
191.98333	1.14290
192.00000	1.11180
192.01667	1.09198
192.03333	1.08683
192.06667	1.07942
192.10000	1.07410
192.13333	1.10149
192.18333	1.08200
192.21667	1.08747
192.23333	1.09118
192.23333	1.08006
192.25000	1.09053
192.25000	1.09182
192.26667	1.08892
192.26667	1.07555
192.28333	1.05976
192.30000	0.04911
192.31667	1.05573
192.31667	1.06492
192.31667	1.06476
192.33333	1.07716
192.33333	1.08538
192.35000	1.08377
192.35000	1.08055
192.35000	1.07249
192.35000	1.07700
192.35000	1.07491
192.36667	1.06927
192.36667	1.05863
192.36667	1.05541
192.38333	1.04671
192.40000	1.05203
192.41667	1.09843
192.45000	1.10487
192.46667	1.11841
192.48333	1.11567
192.50000	1.11615
192.51667	1.09601
192.53333	1.09682
192.56667	1.11100
192.58333	1.10439
192.60000	1.11680
192.61667	1.11261
192.63333	1.13452
192.66667	1.17818
192.70000	1.17818
192.73333	1.18027
192.76667	1.17415
192.78333	1.17544
192.80000	1.18076
192.80000	1.18285
192.80000	1.18221
192.80000	1.18333
192.80000	1.18221
192.81667	1.17915
192.81667	1.15401
192.81667	1.11051
192.81667	0.95375
192.81667	0.94908
192.81667	0.94408
192.81667	0.94505
192.81667	0.95423
192.81667	0.95149
192.81667	0.94441
192.81667	0.92137
192.83333	0.89704
192.85000	0.86772
192.85000	0.85322
192.86667	0.84323
192.88333	0.82631
192.90000	0.79135
192.93333	0.69726
192.98333	0.80601
193.05000	0.87174
193.08333	0.90719
193.10000	0.89768
193.11667	0.88383
193.13333	0.88028
193.15000	0.86820
193.18333	0.91814
193.20000	0.92958
193.20000	0.93877
193.21667	0.92201
193.21667	0.90364
193.21667	0.90912
193.21667	0.90509
193.21667	0.90880
193.21667	0.91202
193.21667	0.90928
193.21667	0.90848
193.21667	0.90364
193.21667	0.91009
193.23333	0.91847
193.25000	0.95568
193.28333	0.98243
193.35000	1.10697
193.40000	1.16432
193.45000	1.15740
193.48333	1.16207
193.51667	1.16497
193.55000	1.16126
193.58333	1.15321
193.61667	1.15079
193.66667	1.14145
193.71667	1.12533
193.75000	1.10906
193.78333	1.09408
193.81667	1.08763
193.83333	1.08908
193.83333	1.08812
193.83333	1.09005
193.83333	1.08022
193.85000	1.06588
193.85000	1.06733
193.85000	1.07926
193.86667	1.05815
193.86667	1.05477
193.88333	1.06331
193.88333	1.06170
193.88333	1.05735
193.88333	1.06025
193.88333	1.05896
193.88333	1.05992
193.88333	1.05863
193.88333	1.06089
193.88333	1.05896
193.88333	1.05992
193.88333	1.06782
193.88333	1.05976
193.88333	1.05847
193.88333	1.06105
193.88333	1.05557
193.88333	1.05525
193.88333	1.05686
193.90000	1.05058
193.93333	1.00982
193.95000	1.00192
193.96667	0.99258
193.96667	0.98726
193.98333	0.98710
193.98333	0.98629
194.00000	0.97018
194.01667	0.92958
194.03333	0.89881
194.05000	0.88673
194.06667	0.87497
194.08333	0.85402
194.10000	0.82357
194.11667	0.79473
194.13333	0.80069
194.16667	0.76799
194.18333	0.75542
194.18333	0.76638
194.20000	0.76928
194.21667	0.78974
194.21667	0.80988
194.23333	0.82889
194.23333	0.82051
194.25000	0.81793
194.25000	0.80794
194.25000	0.82067
194.25000	0.83646
194.25000	0.84854
194.25000	0.87303
194.25000	0.86417
194.25000	0.86611
194.26667	0.86337
194.26667	0.85644
194.26667	0.85467
194.26667	0.85966
194.26667	0.85773
194.26667	0.85612
194.26667	0.85193
194.28333	0.85418
194.28333	0.85821
194.31667	0.85306
194.35000	0.86240
194.38333	0.84629
194.41667	0.84162
194.43333	0.83710
194.43333	0.83598
194.45000	0.82454
194.46667	0.82534
194.50000	0.78942
194.51667	0.75961
194.51667	0.75220
194.53333	0.74028
194.53333	0.72948
194.53333	0.72690
194.55000	0.73432
194.55000	0.72916
194.55000	0.72143
194.56667	0.72819
194.56667	0.73238
194.56667	0.74511
194.58333	0.76493
194.60000	0.80375
194.61667	0.83968
194.66667	0.85837
194.71667	0.82728
194.76667	0.81165
194.83333	0.80939
194.86667	0.76622
194.93333	0.72159
194.98333	0.70435
195.03333	0.71965
195.10000	0.78184
195.13333	0.84210
195.15000	0.85128
195.18333	0.86498
195.21667	0.89414
195.26667	0.97486
195.30000	1.06250
195.33333	0.93732
195.35000	0.43578
195.36667	0.45801
195.38333	0.51714
195.38333	0.67503
195.38333	0.74656
195.38333	0.87062
195.38333	0.87497
195.38333	0.96100
195.38333	0.96809
195.38333	0.98629
195.38333	0.98646
195.38333	0.99354
195.38333	0.99145
195.38333	0.99677
195.38333	1.00208
195.38333	1.00514
195.38333	1.01352
195.38333	1.00772
195.38333	1.00837
195.38333	1.00788
195.38333	1.00949
195.38333	1.00321
195.38333	1.01256
195.38333	1.00933
195.38333	1.00289
195.38333	1.00837
195.38333	1.01159
195.38333	1.01481
195.38333	1.01352
195.38333	1.00949
195.38333	1.01175
195.40000	1.01143
195.40000	1.01417
195.40000	1.00079
195.41667	0.99580
195.45000	1.00386
195.46667	1.00482
195.48333	1.00321
195.51667	1.00047
195.53333	0.98517
195.56667	0.93119
195.58333	0.88769
195.61667	0.75462
195.65000	0.59963
195.66667	0.55838
195.66667	0.59383
195.68333	0.55435
195.68333	0.55725
195.68333	0.57739
195.68333	0.58303
195.68333	0.58625
195.68333	0.50828
195.68333	0.56966
195.68333	0.60655
195.68333	0.61348
195.68333	0.60027
195.70000	0.64103
195.70000	0.67825
195.70000	0.82228
195.70000	0.84129
195.70000	0.86949
195.70000	0.85354
195.70000	0.85821
195.70000	0.86659
195.70000	0.94006
195.70000	0.97663
195.70000	0.97598
195.71667	0.98952
195.71667	1.01642
195.71667	1.02883
195.71667	1.07781
195.71667	1.07555
195.71667	1.07748
195.71667	1.08280
195.71667	1.08393
195.71667	1.08683
195.71667	1.08361
195.71667	1.08554
195.71667	1.08747
195.71667	1.09150
195.71667	1.09505
195.71667	1.09456
195.71667	1.08925
195.71667	1.09553
195.71667	1.09569
195.71667	1.10294
195.71667	1.09392
195.71667	1.09843
195.71667	1.09730
195.71667	1.09279
195.71667	1.08747
195.71667	1.09456
195.71667	1.09682
195.70000	1.09182
195.70000	1.09376
195.70000	1.09472
195.71667	1.08876
195.71667	1.08473
195.71667	1.08554
195.71667	1.08328
195.71667	1.08554
195.71667	1.08618
195.71667	1.08973
195.71667	1.07813
195.71667	1.08425
195.71667	1.08699
195.71667	1.09601
195.71667	1.09521
195.71667	1.09295
195.71667	1.08538
195.71667	1.08683
195.71667	1.08780
195.75000	1.09070
195.80000	1.11164
195.83333	1.11309
195.86667	1.13661
195.90000	1.12888
195.95000	1.12501
196.01667	1.12421
196.08333	1.11502
196.15000	1.11019
196.21667	1.09585
196.25000	1.08618
196.30000	1.06266
196.33333	1.03076
196.35000	0.99773
196.35000	0.97888
196.36667	0.95923
196.36667	0.94908
196.36667	0.93426
196.36667	0.92846
196.38333	0.92717
196.38333	0.94682
196.38333	0.94731
196.38333	0.94183
196.38333	0.94650
196.38333	0.95085
196.38333	0.94102
196.38333	0.93748
196.38333	0.93780
196.38333	0.93393
196.40000	0.93442
196.40000	0.92878
196.40000	0.92620
196.40000	0.91686
196.41667	0.91637
196.41667	0.91138
196.43333	0.92153
196.46667	0.91541
196.51667	0.92233
196.55000	0.93377
196.56667	0.94714
196.58333	0.97244
196.58333	0.96406
196.60000	0.96293
196.60000	0.95214
196.61667	0.94489
196.61667	0.93474
196.61667	0.93248
196.63333	0.92411
196.63333	0.91396
196.63333	0.89204
196.63333	0.89076
196.65000	0.88834
196.65000	0.89204
196.65000	0.88802
196.65000	0.88093
196.65000	0.88286
196.65000	0.88834
196.65000	0.88334
196.65000	0.87883
196.65000	0.85644
196.65000	0.84532
196.65000	0.84903
196.65000	0.87658
196.65000	0.87336
196.65000	0.88157
196.65000	0.87593
196.65000	0.87174
196.65000	0.86079
196.65000	0.86498
196.65000	0.86546
196.65000	0.85757
196.66667	0.86256
196.66667	0.86031
196.66667	0.85708
196.68333	0.83872
196.71667	0.81729
196.71667	0.79667
196.73333	0.79586
196.73333	0.78410
196.75000	0.77782
196.76667	0.75526
196.81667	0.72014
196.86667	0.71257
196.93333	0.78813
196.96667	0.83018
196.98333	0.80891
197.00000	0.79538
197.01667	0.78474
197.01667	0.77266
197.01667	0.76815
197.03333	0.76332
197.03333	0.74898
197.03333	0.74688
197.03333	0.74302
197.03333	0.74221
197.05000	0.73496
197.06667	0.72562
197.08333	0.71772
197.08333	0.72046
197.08333	0.71965
197.08333	0.72642
197.08333	0.73786
197.10000	0.73915
197.10000	0.73786
197.10000	0.73432
197.11667	0.74865
197.11667	0.75139
197.13333	0.76750
197.13333	0.75800
197.15000	0.75284
197.16667	0.73625
197.20000	0.74495
197.23333	0.76493
197.26667	0.80279
197.31667	0.81197
197.36667	0.79280
197.40000	0.80714
197.43333	0.79119
197.45000	0.79441
197.46667	0.79248
197.48333	0.79360
197.51667	0.77008
197.56667	0.74737
197.61667	0.76332
197.66667	0.76138
197.70000	0.75607
197.71667	0.73577
197.73333	0.74044
197.75000	0.73544
197.75000	0.74334
197.75000	0.74253
197.75000	0.74511
197.76667	0.74076
197.76667	0.74044
197.76667	0.74688
197.76667	0.74076
197.76667	0.74285
197.76667	0.73319
197.76667	0.73013
197.78333	0.69758
197.78333	0.69436
197.80000	0.68389
197.80000	0.68582
197.80000	0.68389
197.80000	0.68550
197.81667	0.67986
197.81667	0.67535
197.81667	0.67551
197.81667	0.69339
197.83333	0.68598
197.83333	0.68759
197.85000	0.68163
197.86667	0.67809
197.88333	0.68179
197.90000	0.67986
197.90000	0.67664
197.90000	0.66890
197.90000	0.65585
197.90000	0.66665
197.90000	0.66182
197.91667	0.65618
197.91667	0.64264
197.95000	0.64893
197.96667	0.64748
197.98333	0.63878
198.00000	0.62943
198.01667	0.62121
198.03333	0.62911
198.03333	0.64812
198.05000	0.65698
198.05000	0.65714
198.05000	0.65489
198.05000	0.65440
198.06667	0.64442
198.08333	0.63394
198.11667	0.61477
198.16667	0.60285
198.21667	0.56370
198.25000	0.56724
198.28333	0.58867
198.28333	0.59705
198.28333	0.59592
198.28333	0.59560
198.28333	0.59511
198.28333	0.60043
198.28333	0.59673
198.30000	0.58464
198.30000	0.58029
198.30000	0.56756
198.30000	0.57320
198.30000	0.56660
198.30000	0.56354
198.30000	0.55967
198.30000	0.54888
198.30000	0.53389
198.30000	0.52809
198.30000	0.52890
198.30000	0.53019
198.30000	0.52890
198.31667	0.52390
198.33333	0.51698
198.33333	0.51085
198.35000	0.49877
198.35000	0.48749
198.36667	0.49635
198.38333	0.50940
198.43333	0.51311
198.48333	0.48314
198.55000	0.43674
198.58333	0.41515
198.61667	0.38084
198.63333	0.27112
198.65000	0.20249
198.66667	0.18509
198.70000	0.21457
198.73333	0.27289
198.78333	0.41531
198.80000	0.48926
198.81667	0.50570
198.81667	0.49361
198.81667	0.47493
198.81667	0.43642
198.83333	0.41870
198.83333	0.41564
198.83333	0.43433
198.83333	0.44045
198.83333	0.45221
198.83333	0.47541
198.83333	0.47718
198.85000	0.48701
198.86667	0.51794
198.91667	0.51456
198.95000	0.51263
198.98333	0.51843
199.00000	0.50602
199.01667	0.50103
199.01667	0.49796
199.01667	0.51311
199.03333	0.51891
199.05000	0.51085
199.06667	0.51939
199.10000	0.51134
199.13333	0.52390
199.15000	0.51681
199.18333	0.50811
199.20000	0.51295
199.21667	0.51118
199.23333	0.50151
199.26667	0.50022
199.30000	0.48894
199.31667	0.48056
199.36667	0.49039
199.40000	0.48814
199.41667	0.48620
199.45000	0.47976
199.46667	0.47670
199.46667	0.48024
199.48333	0.48330
199.51667	0.47911
199.55000	0.46606
199.61667	0.44705
199.68333	0.44254
199.73333	0.42160
199.76667	0.43030
199.80000	0.42659
199.83333	0.43143
199.86667	0.42772
199.88333	0.42353
199.91667	0.42111
199.95000	0.41580
199.96667	0.41435
200.00000	0.41354
200.03333	0.40484
200.06667	0.39791
200.10000	0.38760
200.13333	0.37842
200.16667	0.36601
200.18333	0.35860
200.20000	0.35312
200.20000	0.35973
200.20000	0.36054
200.20000	0.36102
200.21667	0.35635
200.23333	0.35957
200.25000	0.35570
200.28333	0.35941
200.33333	0.35538
200.36667	0.37101
200.41667	0.36231
200.45000	0.36150
200.46667	0.35909
200.48333	0.35184
200.48333	0.36021
200.50000	0.36295
200.50000	0.36247
200.50000	0.35780
200.50000	0.36344
200.50000	0.35989
200.50000	0.36005
200.50000	0.35474
200.50000	0.36231
200.50000	0.35522
200.50000	0.36021
200.50000	0.35345
200.50000	0.35651
200.50000	0.36134
200.50000	0.35796
200.50000	0.35602
200.50000	0.35506
200.50000	0.35586
200.50000	0.35780
200.50000	0.35103
200.50000	0.35506
200.50000	0.34990
200.50000	0.35570
200.50000	0.35103
200.50000	0.35022
200.50000	0.34877
200.50000	0.35280
200.50000	0.35329
200.50000	0.34829
200.50000	0.35490
200.50000	0.35554
200.50000	0.35135
200.50000	0.35699
200.50000	0.35731
200.50000	0.35764
200.50000	0.35538
200.50000	0.35715
200.50000	0.35329
200.50000	0.34781
200.50000	0.34845
200.50000	0.35312
200.50000	0.34716
200.50000	0.34652
200.50000	0.35103
200.50000	0.35022
200.50000	0.34716
200.50000	0.34974
200.50000	0.35071
200.50000	0.35006
200.50000	0.35022
200.50000	0.35200
200.50000	0.34877
200.50000	0.34491
200.50000	0.34942
200.50000	0.35764
200.50000	0.35860
200.50000	0.36118
200.50000	0.36134
200.50000	0.35941
200.50000	0.36118
200.50000	0.35925
200.50000	0.36086
200.50000	0.36537
200.50000	0.36714
200.50000	0.36424
200.50000	0.36634
200.50000	0.36682
200.50000	0.36553
200.50000	0.37101
200.50000	0.36827
200.50000	0.36956
200.50000	0.36666
200.50000	0.36199
200.50000	0.36682
200.50000	0.36795
200.50000	0.36408
200.50000	0.36859
200.50000	0.36344
200.50000	0.36569
200.50000	0.36666
200.50000	0.36231
200.50000	0.36988
200.50000	0.36843
200.50000	0.37036
200.50000	0.36569
200.50000	0.36392
200.50000	0.35892
200.50000	0.36505
200.50000	0.36134
200.50000	0.35828
200.50000	0.35490
200.50000	0.35619
200.50000	0.35683
200.50000	0.35361
200.50000	0.34571
200.50000	0.34475
200.50000	0.34926
200.50000	0.34700
200.50000	0.34491
200.50000	0.34346
200.50000	0.35071
200.50000	0.35151
200.50000	0.35039
200.50000	0.35071
200.50000	0.35006
200.50000	0.35151
200.50000	0.35425
200.50000	0.35377
200.50000	0.34749
200.50000	0.34732
200.50000	0.34587
200.50000	0.34442
200.50000	0.35039
200.50000	0.34491
200.50000	0.35586
200.50000	0.34958
200.50000	0.35715
200.50000	0.36134
200.50000	0.35764
200.50000	0.35747
200.50000	0.36182
200.50000	0.36118
200.50000	0.36279
200.50000	0.36166
200.50000	0.36005
200.50000	0.35248
200.50000	0.36054
200.50000	0.35941
200.50000	0.35860
200.50000	0.35860
200.50000	0.35812
200.50000	0.36182
200.50000	0.36360
200.50000	0.37004
200.50000	0.36779
200.50000	0.36762
200.50000	0.37069
200.50000	0.36762
200.50000	0.36875
200.50000	0.37262
200.50000	0.37149
200.50000	0.37407
200.50000	0.36569
200.50000	0.36924
200.50000	0.37246
200.50000	0.36859
200.50000	0.37471
200.50000	0.37133
200.50000	0.37407
200.50000	0.37069
200.50000	0.37246
200.50000	0.36891
200.50000	0.37069
200.50000	0.37552
200.50000	0.36650
200.50000	0.37278
200.50000	0.36698
200.50000	0.37181
200.50000	0.37391
200.50000	0.36972
200.50000	0.37407
200.50000	0.37197
200.50000	0.37294
200.50000	0.36795
200.50000	0.36634
200.50000	0.37085
200.50000	0.36972
200.50000	0.36634
200.50000	0.37487
200.50000	0.37310
200.50000	0.37391
200.50000	0.36472
200.50000	0.35184
200.50000	0.34732
200.50000	0.34136
200.50000	0.34910
200.50000	0.34040
200.50000	0.34040
200.50000	0.34442
200.50000	0.34604
200.50000	0.34330
200.50000	0.34475
200.50000	0.34668
200.50000	0.34056
200.50000	0.33911
200.50000	0.33572
200.50000	0.34088
200.50000	0.34201
200.50000	0.33766
200.50000	0.34394
200.50000	0.34104
200.50000	0.34281
200.50000	0.34314
200.50000	0.34378
200.50000	0.34024
200.50000	0.33846
200.50000	0.33927
200.50000	0.33991
200.50000	0.34104
200.50000	0.34410
200.50000	0.34265
200.50000	0.33927
200.50000	0.33556
200.50000	0.34491
200.50000	0.33637
200.50000	0.33782
200.50000	0.33734
200.50000	0.33895
200.50000	0.33121
200.50000	0.33524
200.50000	0.33395
200.50000	0.33444
200.50000	0.33363
200.50000	0.33685
200.50000	0.33057
200.50000	0.33299
200.50000	0.33234
200.50000	0.33282
200.50000	0.32944
200.50000	0.33218
200.50000	0.33524
200.50000	0.32864
200.50000	0.33057
200.50000	0.33282
200.50000	0.33427
200.50000	0.33476
200.50000	0.33186
200.50000	0.33395
200.50000	0.33025
200.50000	0.33105
200.50000	0.33444
200.50000	0.33266
200.50000	0.33154
200.50000	0.33476
200.50000	0.33734
200.50000	0.33154
200.50000	0.33379
200.50000	0.33331
200.50000	0.33685
200.50000	0.33734
200.50000	0.33202
200.50000	0.33218
200.50000	0.33121
200.50000	0.33589
200.50000	0.33492
200.50000	0.33427
200.50000	0.33782
200.50000	0.33460
200.50000	0.33798
200.50000	0.33637
200.50000	0.33991
200.50000	0.33460
200.50000	0.34040
200.50000	0.33814
200.50000	0.34169
200.50000	0.34024
200.50000	0.33766
200.50000	0.33750
200.50000	0.33943
200.50000	0.33879
200.50000	0.33556
200.50000	0.33701
200.50000	0.33782
200.50000	0.33411
200.50000	0.33782
200.50000	0.33089
200.50000	0.33444
200.50000	0.33073
200.50000	0.33927
200.50000	0.33734
200.50000	0.33540
200.50000	0.33734
200.50000	0.33685
200.50000	0.34072
200.50000	0.33589
200.50000	0.33234
200.50000	0.33862
200.50000	0.33991
200.50000	0.33895
200.50000	0.34024
200.50000	0.33411
200.50000	0.33766
200.50000	0.33830
200.50000	0.33895
200.50000	0.33959
200.50000	0.34056
200.50000	0.33331
200.50000	0.33540
200.50000	0.33701
200.50000	0.33750
200.50000	0.33218
200.50000	0.33556
200.50000	0.33798
200.50000	0.33411
200.50000	0.32960
200.50000	0.33121
200.50000	0.33524
200.50000	0.32896
200.50000	0.32767
200.50000	0.33508
200.50000	0.33363
200.50000	0.33347
200.50000	0.33331
200.50000	0.33009
200.50000	0.33025
200.50000	0.32702
200.50000	0.32847
200.50000	0.33331
200.50000	0.33154
200.50000	0.32767
200.50000	0.33105
200.50000	0.32557
200.50000	0.32751
200.50000	0.32525
200.50000	0.32541
200.50000	0.32670
200.50000	0.32219
200.50000	0.32686
200.50000	0.31865
200.50000	0.31220
200.50000	0.31865
200.50000	0.31768
200.50000	0.32316
200.50000	0.32638
200.50000	0.32251
200.50000	0.31333
200.50000	0.30624
200.50000	0.30882
200.50000	0.29577
200.50000	0.29174
200.50000	0.29222
200.50000	0.28320
200.50000	0.25759
200.50000	0.25581
200.50000	0.24695
200.50000	0.21119
200.50000	0.17848
200.50000	0.17735
200.50000	0.17848
200.50000	0.22649
200.50000	0.26741
200.50000	0.30979
200.50000	0.33476
200.50000	0.32960
200.50000	0.32187
200.50000	0.30415
200.50000	0.29416
200.50000	0.28884
200.50000	0.28062
200.50000	0.26709
200.50000	0.26451
200.50000	0.24566
200.50000	0.22117
200.50000	0.20249
200.50000	0.20039
200.50000	0.19685
200.50000	0.20764
200.50000	0.23406
200.50000	0.25050
200.51667	0.28272
200.58333	0.30608
200.75000	0.28594
200.86667	0.26612
200.88333	0.26387
200.88333	0.26902
200.88333	0.26500
200.88333	0.27160
200.88333	0.26290
200.88333	0.25517
200.91667	0.23503
200.95000	0.20539
200.98333	0.05829
201.01667	0.01511
201.03333	0.00673
201.05000	0.01511
201.06667	0.04427
201.06667	0.08181
201.08333	0.07408
201.08333	0.07327
201.08333	0.09857
201.08333	0.14964
201.08333	0.21392
201.08333	0.21956
201.08333	0.23020
201.08333	0.24067
201.08333	0.22987
201.10000	0.22552
201.11667	0.22810
201.13333	0.21989
201.16667	0.21618
201.20000	0.22359
201.23333	0.23809
201.28333	0.25356
201.31667	0.25114
201.35000	0.25614
201.38333	0.26274
201.40000	0.25356
201.40000	0.25211
201.41667	0.24405
201.43333	0.19040
201.45000	0.00383
201.48333	0.00657
201.51667	0.00158
201.56667	0.00528
201.63333	0.00222
201.70000	0.00448
201.75000	0.01028
201.78333	0.03042
201.80000	0.14400
201.81667	0.16914
201.85000	0.18589
201.88333	0.17655
201.90000	0.16591
201.93333	0.15029
201.96667	0.13804
202.00000	0.10872
202.05000	0.08052
202.08333	0.06490
202.11667	0.05974
202.13333	0.08294
202.15000	0.06618
202.18333	0.09373
202.20000	0.08938
202.21667	0.09841
202.23333	0.13240
202.23333	0.14416
202.25000	0.16092
202.25000	0.15609
202.25000	0.15689
202.25000	0.15544
202.25000	0.15576
202.25000	0.15351
202.25000	0.15754
202.25000	0.16527
202.26667	0.16656
202.26667	0.17107
202.26667	0.17622
202.26667	0.17381
202.26667	0.17349
202.26667	0.17622
202.26667	0.18202
202.26667	0.18476
202.26667	0.18331
202.26667	0.18766
202.26667	0.18670
202.26667	0.18460
202.26667	0.18492
202.26667	0.18589
202.26667	0.18122
202.26667	0.16092
202.26667	0.15770
202.26667	0.15576
202.26667	0.15367
202.26667	0.16285
202.26667	0.15480
202.26667	0.15528
202.26667	0.16060
202.26667	0.16575
202.26667	0.16607
202.26667	0.16865
202.26667	0.16865
202.26667	0.16720
202.26667	0.16253
202.26667	0.16350
202.26667	0.16108
202.26667	0.16140
202.26667	0.16317
202.26667	0.15705
202.26667	0.16124
202.26667	0.15882
202.26667	0.16221
202.26667	0.16350
202.26667	0.15689
202.26667	0.16301
202.26667	0.16495
202.26667	0.16785
202.25000	0.18074
202.25000	0.18090
202.25000	0.18444
202.25000	0.18589
202.25000	0.18492
202.25000	0.18444
202.25000	0.18412
202.25000	0.19072
202.25000	0.18927
202.25000	0.18637
202.25000	0.18686
202.26667	0.18412
202.26667	0.18347
202.26667	0.18219
202.26667	0.17751
202.26667	0.17848
202.26667	0.17236
202.26667	0.17751
202.26667	0.17606
202.26667	0.17751
202.26667	0.17413
202.26667	0.17719
202.26667	0.17316
202.26667	0.18251
202.26667	0.17945
202.26667	0.18219
202.26667	0.19910
202.26667	0.19121
202.26667	0.18460
202.26667	0.18541
202.25000	0.18444
202.25000	0.17300
202.25000	0.17961
202.25000	0.17606
202.26667	0.18380
202.26667	0.18654
202.26667	0.18106
202.26667	0.17977
202.26667	0.18847
202.26667	0.18412
202.26667	0.19056
202.26667	0.18202
202.26667	0.18799
202.26667	0.18573
202.26667	0.18396
202.26667	0.18895
202.26667	0.18541
202.26667	0.18251
202.26667	0.18589
202.26667	0.19314
202.26667	0.19975
202.26667	0.17606
202.26667	0.16591
202.28333	0.16640
202.30000	0.17542
202.35000	0.17767
202.41667	0.14239
202.46667	0.05910
202.48333	0.02945
202.48333	0.02607
202.48333	0.04556
202.50000	0.10936
202.50000	0.16140
202.50000	0.19040
202.50000	0.16849
202.50000	0.10807
202.51667	0.05829
202.51667	0.05732
202.53333	0.08197
202.55000	0.08326
202.56667	0.09277
202.60000	0.09825
202.61667	0.12483
202.63333	0.13965
202.66667	0.15206
202.68333	0.16350
202.71667	0.16704
202.73333	0.16301
202.76667	0.15399
202.78333	0.15431
202.80000	0.15222
202.81667	0.14916
202.83333	0.14626
202.85000	0.15077
202.88333	0.14803
202.90000	0.14722
202.93333	0.14626
202.95000	0.14400
202.96667	0.14658
202.98333	0.14690
203.00000	0.14980
203.03333	0.14207
203.05000	0.13675
203.08333	0.13369
203.11667	0.12805
203.13333	0.12692
203.16667	0.11500
203.18333	0.11420
203.21667	0.11774
203.23333	0.12209
203.26667	0.12708
203.28333	0.13836
203.30000	0.14368
203.33333	0.13820
203.36667	0.14432
203.40000	0.13659
203.43333	0.13901
203.46667	0.13772
203.50000	0.14803
203.53333	0.14320
203.56667	0.14577
203.60000	0.14110
203.61667	0.14175
203.65000	0.14191
203.66667	0.13160
203.71667	0.12821
203.73333	0.12676
203.76667	0.11742
203.80000	0.11565
203.83333	0.10695
203.86667	0.10840
203.91667	0.10533
203.95000	0.09937
203.98333	0.09615
204.01667	0.08842
204.03333	0.08197
204.05000	0.08004
204.08333	0.05362
204.08333	0.05249
204.08333	0.04637
204.10000	0.04411
204.10000	0.03944
204.10000	0.05088
204.10000	0.06071
204.10000	0.04991
204.10000	0.05426
204.10000	0.05426
204.10000	0.06248
204.10000	0.07086
204.11667	0.09067
204.13333	0.10115
204.15000	0.09696
204.15000	0.10501
204.16667	0.10163
204.16667	0.10743
204.16667	0.10711
204.16667	0.10775
204.16667	0.10985
204.16667	0.11065
204.18333	0.11387
204.18333	0.11226
204.18333	0.10630
204.20000	0.10888
204.20000	0.10952
204.23333	0.10678
204.25000	0.10646
204.26667	0.09921
204.30000	0.09841
204.31667	0.10485
204.35000	0.09937
204.36667	0.10018
204.38333	0.10018
204.40000	0.10372
204.40000	0.10840
204.41667	0.11436
204.43333	0.11162
204.45000	0.10550
204.46667	0.10292
204.48333	0.10147
204.51667	0.10147
204.53333	0.10292
204.55000	0.10195
204.55000	0.10227
204.56667	0.09599
204.60000	0.09325
204.61667	0.09551
204.63333	0.09293
204.68333	0.09277
204.73333	0.09583
204.78333	0.09293
204.81667	0.09357
204.85000	0.08955
204.86667	0.10050
204.90000	0.09551
204.95000	0.09792
205.00000	0.09953
205.05000	0.08697
205.11667	0.09454
205.20000	0.08858
205.28333	0.08165
205.35000	0.08262
205.40000	0.08165
205.43333	0.08294
205.48333	0.08101
205.55000	0.08085
205.60000	0.07891
205.66667	0.07472
205.75000	0.07633
205.80000	0.06248
205.83333	0.06747
205.86667	0.07166
205.91667	0.06602
205.96667	0.06860
206.00000	0.06409
206.06667	0.06957
206.11667	0.05990
206.16667	0.06538
206.20000	0.05877
206.21667	0.04685
206.23333	0.02623
206.25000	0.01028
206.25000	0.00818
206.25000	0.01012
206.25000	0.00996
206.25000	0.00561
206.25000	0.05571
206.25000	0.01076
206.25000	0.00996
206.25000	0.00867
206.25000	0.04911
206.25000	0.05475
206.25000	0.05877
206.25000	0.06473
206.25000	0.04975
206.25000	0.05958
206.25000	0.05587
206.25000	0.05120
206.25000	0.05845
206.25000	0.02510
206.25000	0.00835
206.25000	0.00786
206.26667	0.00963
206.26667	0.00641
206.26667	0.00690
206.26667	0.00641
206.26667	0.01237
206.26667	0.00480
206.26667	0.01173
206.26667	0.00786
206.26667	0.01817
206.26667	0.01092
206.26667	0.01543
206.26667	0.02365
206.26667	0.03380
206.26667	0.03493
206.26667	0.04830
206.26667	0.04685
206.26667	0.04379
206.26667	0.05845
206.26667	0.04943
206.26667	0.06071
206.26667	0.05958
206.26667	0.05974
206.26667	0.05539
206.26667	0.05120
206.26667	0.05523
206.26667	0.05491
206.26667	0.05829
206.26667	0.06232
206.26667	0.06473
206.26667	0.06119
206.28333	0.06570
206.28333	0.05990
206.30000	0.06667
206.31667	0.06473
206.33333	0.06038
206.35000	0.06119
206.36667	0.05958
206.36667	0.06103
206.38333	0.06457
206.40000	0.06763
206.43333	0.07811
206.46667	0.07617
206.48333	0.07940
206.50000	0.07311
206.51667	0.07343
206.53333	0.07070
206.56667	0.07263
206.60000	0.06699
206.61667	0.06618
206.63333	0.06361
206.63333	0.06441
206.65000	0.06393
206.66667	0.06071
206.68333	0.06087
206.70000	0.06280
206.71667	0.05926
206.73333	0.06022
206.75000	0.05893
206.78333	0.06409
206.80000	0.06296
206.81667	0.05700
206.81667	0.06055
206.83333	0.06200
206.83333	0.06441
206.83333	0.06522
206.83333	0.05942
206.83333	0.06635
206.85000	0.06699
206.85000	0.06763
206.85000	0.06780
206.85000	0.07198
206.86667	0.06763
206.88333	0.06731
206.90000	0.06570
206.93333	0.06876
206.98333	0.06763
207.01667	0.06892
207.05000	0.06683
207.06667	0.06345
207.08333	0.05797
207.08333	0.06522
207.08333	0.06473
207.10000	0.06570
207.10000	0.06409
207.11667	0.06602
207.15000	0.06409
207.18333	0.06280
207.21667	0.06328
207.23333	0.05861
207.25000	0.06312
207.25000	0.06200
207.25000	0.06135
207.26667	0.06699
207.28333	0.06151
207.28333	0.05748
207.30000	0.06312
207.30000	0.05845
207.30000	0.05491
207.30000	0.05104
207.31667	0.05185
207.35000	0.04927
207.40000	0.05684
207.43333	0.04315
207.50000	0.05023
207.56667	0.04411
207.63333	0.04750
207.66667	0.05265
207.68333	0.05088
207.68333	0.05249
207.70000	0.05636
207.70000	0.05700
207.71667	0.05442
207.75000	0.04830
207.78333	0.05104
207.83333	0.04943
207.88333	0.04331
207.93333	0.03880
208.00000	0.04605
208.05000	0.04862
208.10000	0.03976
208.16667	0.05088
208.21667	0.04524
208.28333	0.04605
208.33333	0.04750
208.36667	0.04234
208.38333	0.04798
208.40000	0.04460
208.41667	0.04137
208.43333	0.04830
208.46667	0.04621
208.48333	0.04766
208.50000	0.04347
208.51667	0.04605
208.55000	0.04814
208.60000	0.04170
208.63333	0.04492
208.66667	0.04186
208.70000	0.04492
208.71667	0.04073
208.73333	0.04202
208.73333	0.04443
208.75000	0.04556
208.75000	0.03928
208.75000	0.04669
208.75000	0.04186
208.75000	0.04363
208.75000	0.04137
208.75000	0.04121
208.75000	0.04105
208.75000	0.04588
208.75000	0.04218
208.78333	0.04153
208.83333	0.04492
208.90000	0.03622
208.95000	0.02945
209.00000	0.02623
209.03333	0.01511
209.08333	0.01334
209.11667	0.01688
209.16667	0.02204
209.20000	0.02333
209.23333	0.01898
209.28333	0.01721
209.33333	0.01479
209.38333	0.01833
209.41667	0.01785
209.46667	0.01721
209.51667	0.01415
209.58333	0.01753
209.65000	0.01398
209.71667	0.01785
209.75000	0.01640
209.76667	0.01447
209.78333	0.02107
209.81667	0.02365
209.85000	0.03412
209.90000	0.03283
209.91667	0.03267
209.93333	0.02977
209.93333	0.03171
209.93333	0.02671
209.93333	0.03235
209.95000	0.02591
209.95000	0.02220
209.96667	0.02800
209.96667	0.03187
209.96667	0.02977
209.98333	0.02752
209.98333	0.02800
209.98333	0.02832
209.98333	0.02752
209.98333	0.03235
209.98333	0.03203
209.98333	0.03316
209.98333	0.02993
209.98333	0.03251
209.98333	0.02897
209.98333	0.03106
209.98333	0.02832
209.98333	0.02671
209.98333	0.02381
209.98333	0.03171
209.98333	0.03428
209.98333	0.02897
209.98333	0.02687
210.00000	0.03155
210.00000	0.03267
210.01667	0.02881
210.05000	0.03461
210.06667	0.02397
210.10000	0.03203
210.11667	0.02510
210.13333	0.02865
210.16667	0.02542
210.20000	0.02494
210.25000	0.02494
210.30000	0.01882
210.31667	0.02558
210.35000	0.02333
210.36667	0.02881
210.36667	0.02075
210.38333	0.02558
210.40000	0.01995
210.43333	0.02188
210.46667	0.01978
210.51667	0.02059
210.55000	0.01495
210.58333	0.01930
210.61667	0.02075
210.65000	0.02349
210.68333	0.02285
210.70000	0.01914
210.71667	0.01656
210.73333	0.02542
210.73333	0.02107
210.75000	0.02123
210.76667	0.01962
210.78333	0.02075
210.81667	0.02446
210.85000	0.02107
210.88333	0.01817
210.91667	0.02123
210.93333	0.02140
210.95000	0.02639
210.95000	0.02317
210.95000	0.01882
210.96667	0.02687
210.96667	0.01978
210.96667	0.02156
210.96667	0.02832
210.96667	0.02655
210.96667	0.02494
210.96667	0.02075
210.96667	0.02462
210.96667	0.02188
210.96667	0.01721
210.96667	0.02268
210.96667	0.02220
210.98333	0.02172
211.03333	0.01866
211.10000	0.01431
211.15000	0.01656
211.18333	0.02252
211.21667	0.01640
211.23333	0.02430
211.25000	0.02268
211.26667	0.01785
211.28333	0.01930
211.30000	0.01543
211.31667	0.01060
211.35000	0.01656
211.36667	0.01978
211.40000	0.02027
211.41667	0.01753
211.45000	0.01334
211.51667	0.01398
211.56667	0.01640
211.60000	0.01592
211.61667	0.01850
211.61667	0.02236
211.63333	0.02059
211.63333	0.01882
211.66667	0.01850
211.71667	0.02268
211.80000	0.01721
211.88333	0.01560
211.96667	0.02091
212.01667	0.01721
212.06667	0.01624
212.10000	0.01415
212.11667	0.01705
212.11667	0.01221
212.11667	0.01801
212.11667	0.01543
212.13333	0.01463
212.18333	0.01688
212.25000	0.01785
212.30000	0.01640
212.30000	0.01092
212.30000	0.01189
212.31667	0.01592
212.31667	0.00996
212.36667	0.01447
212.41667	0.01914
212.45000	0.01398
212.48333	0.01801
212.50000	0.01737
212.55000	0.01044
212.58333	0.01543
212.61667	0.01608
212.65000	0.01302
212.68333	0.01382
212.71667	0.01125
212.75000	0.01125
212.76667	0.01270
212.78333	0.01060
212.80000	0.01334
212.83333	0.00996
212.85000	0.01560
212.88333	0.01576
212.91667	0.01382
212.95000	0.00851
212.96667	0.01688
213.00000	0.01189
213.03333	0.01398
213.06667	0.01173
213.08333	0.01382
213.11667	0.01415
213.13333	0.00883
213.16667	0.00126
213.18333	0.00142
213.21667	0.00029
213.23333	0.00319
213.25000	0.00464
213.26667	0.00416
213.26667	-0.00100
213.26667	0.00238
213.26667	0.00319
213.26667	-0.00116
213.26667	0.00222
213.26667	0.00158
213.26667	0.00980
213.26667	0.00657
213.26667	0.01334
213.26667	0.01012
213.26667	0.01092
213.26667	0.01141
213.26667	0.01576
213.26667	0.01318
213.26667	0.00738
213.26667	0.01189
213.26667	0.01334
213.26667	0.01173
213.26667	0.01125
213.26667	-0.00132
213.26667	0.01447
213.26667	0.00786
213.26667	0.01108
213.26667	0.00770
213.26667	0.01237
213.26667	0.01125
213.26667	0.01060
213.26667	0.01173
213.26667	0.01302
213.26667	0.01415
213.26667	0.01431
213.26667	0.01608
213.26667	0.00883
213.26667	0.01157
213.26667	0.01302
213.26667	0.01012
213.26667	0.01866
213.26667	0.01672
213.26667	0.01253
213.26667	0.01882
213.26667	0.01205
213.26667	0.01253
213.26667	0.01882
213.26667	0.01221
213.26667	0.00577
213.26667	0.01366
213.26667	0.00722
213.26667	0.01366
213.26667	0.01318
213.26667	0.00996
213.28333	0.00980
213.31667	0.01560
213.33333	0.00867
213.36667	0.00625
213.40000	0.01302
213.45000	0.01173
213.48333	0.01044
213.50000	0.01253
213.53333	0.01044
213.56667	0.01189
213.60000	0.01044
213.63333	0.01286
213.66667	0.01044
213.70000	0.00641
213.73333	0.00351
213.80000	0.00255
213.85000	0.00657
213.90000	0.01108
213.93333	0.00609
213.96667	0.00963
214.00000	0.01044
214.01667	0.00480
214.03333	0.00851
214.05000	0.00770
214.06667	0.00947
214.08333	0.01270
214.13333	0.00818
214.18333	0.00673
214.21667	0.00706
214.26667	0.01447
214.31667	0.00673
214.35000	0.01205
214.38333	0.00512
214.40000	0.01366
214.43333	0.01141
214.46667	0.01108
214.51667	0.00770
214.56667	0.00690
214.61667	0.00931
214.66667	0.01028
214.71667	0.01511
214.75000	0.01157
214.76667	0.00625
214.78333	0.01141
214.80000	0.00851
214.83333	0.00996
214.88333	0.00947
214.93333	0.00480
214.96667	0.00706
215.01667	0.00818
215.05000	0.00480
215.06667	0.00996
215.10000	0.01366
215.11667	0.00851
215.15000	0.00657
215.21667	0.00996
215.26667	0.01189
215.31667	0.00980
215.35000	0.00432
215.38333	0.00287
215.41667	0.00996
215.43333	0.00786
215.46667	0.01576
215.48333	0.00931
215.51667	0.01060
215.56667	0.01092
215.61667	0.00915
215.70000	0.00818
215.76667	0.00738
215.83333	0.00754
215.88333	0.00963
215.91667	0.00480
215.95000	0.00673
215.98333	0.01237
216.05000	0.01028
216.10000	0.00416
216.15000	0.01334
216.18333	0.01398
216.20000	0.01286
216.23333	0.00577
216.26667	0.01028
216.31667	0.01318
216.35000	0.00722
216.38333	0.00625
216.41667	0.00464
216.45000	0.00480
216.46667	0.00110
216.50000	0.00931
216.51667	0.01092
216.51667	0.00818
216.53333	0.00577
216.53333	0.01221
216.53333	0.00899
216.53333	0.00609
216.55000	0.00561
216.55000	0.00706
216.55000	0.00786
216.56667	0.00786
216.56667	0.01108
216.58333	0.01125
216.61667	0.00963
216.65000	0.00770
216.66667	0.00802
216.68333	0.01060
216.70000	0.00963
216.70000	0.00657
216.71667	0.01237
216.73333	0.00867
216.75000	0.01108
216.76667	0.01366
216.78333	0.01028
216.81667	0.01463
216.85000	0.01157
216.88333	0.00400
216.93333	0.00690
216.96667	0.01221
217.00000	0.01012
217.01667	0.00963
217.03333	0.00545
217.03333	0.01092
217.05000	0.00754
217.06667	0.00545
217.08333	0.00883
217.10000	0.01044
217.11667	0.01205
217.15000	0.00609
217.20000	0.00947
217.25000	0.00931
217.30000	0.00786
217.33333	0.00818
217.36667	0.00754
217.41667	0.01189
217.46667	0.00464
217.51667	0.01125
217.55000	0.01141
217.60000	0.00722
217.63333	0.01253
217.66667	0.01060
217.70000	0.01205
217.73333	0.01076
217.76667	0.01141
217.80000	0.01012
217.85000	0.01076
217.90000	0.01076
217.96667	0.00754
218.01667	0.01189
218.06667	0.00770
218.11667	0.00319
218.15000	0.00883
218.20000	0.01141
218.25000	0.01012
218.30000	0.01382
218.33333	0.00980
218.38333	0.00931
218.43333	0.00738
218.48333	0.00641
218.51667	0.01173
218.56667	0.00400
218.65000	0.00690
218.75000	0.01350
218.88333	0.00512
219.00000	0.01463
219.13333	0.01189
219.23333	0.00110
219.35000	0.00190
219.45000	0.00335
219.51667	-0.00229
219.55000	0.00110
219.56667	0.01108
219.58333	-0.00197
219.58333	0.00400
219.60000	-0.00277
219.60000	0.00319
219.60000	0.00561
219.60000	0.01108
219.60000	0.01028
219.60000	0.00835
219.60000	0.01205
219.60000	0.00786
219.60000	0.01334
219.60000	0.01125
219.60000	0.00238
219.60000	-0.00197
219.60000	-0.00116
219.60000	-0.00148
219.60000	-0.00180
219.60000	0.00045
219.60000	0.00255
219.60000	-0.00019
219.60000	0.00400
219.60000	0.00013
219.60000	-0.00245
219.60000	0.00255
219.60000	0.00158
219.60000	0.00383
219.60000	0.00238
219.60000	-0.00245
219.60000	-0.00116
219.60000	0.00690
219.60000	0.01398
219.60000	0.01141
219.60000	0.01318
219.60000	0.01205
219.60000	0.00641
219.60000	0.00818
219.60000	0.00770
219.60000	0.00367
219.60000	0.00593
219.60000	0.00690
219.60000	0.00400
219.60000	0.00867
219.60000	0.00867
219.60000	0.01608
219.60000	0.01334
219.60000	0.01560
219.60000	0.01141
219.61667	0.01044
219.61667	0.01141
219.63333	0.00641
219.68333	0.01415
219.78333	0.01028
219.88333	0.01318
219.95000	0.01012
220.00000	0.01318
220.05000	0.01125
220.06667	0.01560
220.08333	0.01962
220.10000	0.00931
220.11667	0.01108
220.13333	0.00738
220.16667	0.00915
220.20000	0.00818
220.26667	0.00963
220.33333	0.00561
220.40000	0.01495
220.45000	0.01270
220.48333	0.01286
220.50000	0.01157
220.51667	0.01350
220.55000	0.01173
220.56667	0.01092
220.58333	0.01318
220.61667	0.00963
220.63333	0.01382
220.66667	0.01576
220.68333	0.01850
220.73333	0.01221
220.80000	0.00899
220.86667	0.01688
220.95000	0.01028
221.00000	0.01576
221.06667	0.00867
221.10000	0.00722
221.15000	0.00496
221.16667	0.00416
221.21667	0.00931
221.25000	0.01318
221.28333	0.01527
221.31667	0.01527
221.36667	0.01382
221.40000	0.01576
221.43333	0.01882
221.46667	0.01173
221.50000	0.01366
221.53333	0.01833
221.56667	0.01527
221.58333	0.01527
221.60000	0.01527
221.60000	0.01366
221.60000	0.00883
221.61667	0.01527
221.61667	0.01479
221.61667	0.01221
221.61667	0.01608
221.61667	0.01415
221.63333	0.01157
221.65000	0.01850
221.70000	0.01672
221.76667	0.01769
221.83333	0.01688
221.88333	0.01527
221.93333	0.01785
221.98333	0.01576
222.00000	0.01817
222.01667	0.01398
222.03333	0.01495
222.06667	0.00931
222.10000	0.00416
222.16667	0.00770
222.21667	0.01688
222.26667	0.00915
222.28333	0.01286
222.30000	0.01398
222.30000	0.01221
222.30000	0.01415
222.31667	0.01801
222.33333	0.01253
222.38333	0.01366
222.45000	0.01592
222.51667	0.01447
222.56667	0.00851
222.61667	0.01721
222.63333	0.01592
222.68333	0.01640
222.71667	0.01962
222.75000	0.01415
222.78333	0.01753
222.78333	0.01398
222.80000	0.01914
222.83333	0.02156
222.88333	0.01576
222.91667	0.01108
222.96667	0.01205
223.01667	0.01479
223.03333	0.01962
223.03333	0.02172
223.05000	0.01930
223.05000	0.02301
223.05000	0.01995
223.05000	0.01624
223.05000	0.02059
223.05000	0.01866
223.05000	0.01833
223.05000	0.01543
223.05000	0.01656
223.05000	0.01721
223.05000	0.01769
223.05000	0.01189
223.06667	0.02027
223.06667	0.01382
223.08333	0.01318
223.10000	0.01334
223.10000	0.01850
223.10000	0.01882
223.10000	0.01833
223.10000	0.01882
223.11667	0.02285
223.11667	0.01898
223.11667	0.01930
223.13333	0.01398
223.16667	0.01608
223.21667	0.02301
223.28333	0.02091
223.33333	0.02011
223.35000	0.01511
223.35000	0.01817
223.36667	0.02123
223.36667	0.02204
223.36667	0.02268
223.36667	0.02397
223.38333	0.01914
223.38333	0.02381
223.38333	0.02027
223.38333	0.01656
223.40000	0.01382
223.45000	0.02059
223.50000	0.02977
223.55000	0.01350
223.58333	0.01656
223.60000	0.02059
223.60000	0.02059
223.61667	0.02575
223.63333	0.02285
223.65000	0.02059
223.68333	0.02011
223.70000	0.02285
223.71667	0.01415
223.71667	0.01592
223.71667	0.01189
223.75000	0.01415
223.78333	0.01141
223.85000	0.01705
223.90000	0.01189
223.95000	0.01382
223.98333	0.01495
224.00000	0.01350
224.00000	0.02091
224.00000	0.01576
224.01667	0.01833
224.06667	0.02043
224.11667	0.01898
224.15000	0.01527
224.16667	0.01543
224.18333	0.01527
224.20000	0.01640
224.21667	0.01592
224.25000	0.01898
224.31667	0.02365
224.38333	0.01656
224.46667	0.02156
224.51667	0.01608
224.53333	0.01157
224.53333	0.01688
224.55000	0.02107
224.56667	0.01914
224.58333	0.02075
224.60000	0.01995
224.61667	0.01995
224.65000	0.02333
224.68333	0.01995
224.73333	0.02333
224.80000	0.01721
224.88333	0.01914
224.98333	0.00963
225.06667	0.00303
225.13333	0.00738
225.20000	0.00222
225.23333	0.00222
225.25000	0.00545
225.26667	0.01334
225.28333	0.01398
225.28333	0.01946
225.28333	0.01527
225.28333	0.02639
225.30000	0.01978
225.30000	0.02462
225.30000	0.01946
225.30000	0.02381
225.30000	0.02752
225.30000	0.02397
225.30000	0.02736
225.30000	0.02333
225.30000	0.01705
225.30000	0.02655
225.30000	0.02252
225.30000	0.02430
225.30000	0.02381
225.30000	0.02623
225.28333	0.02591
225.28333	0.02462
225.28333	0.02365
225.30000	0.02478
225.30000	0.02156
225.30000	0.02655
225.30000	0.02575
225.30000	0.02349
225.30000	0.02365
225.28333	0.02285
225.28333	0.02671
225.28333	0.02285
225.28333	0.02961
225.28333	0.02397
225.28333	0.02671
225.28333	0.02542
225.28333	0.02832
225.28333	0.02558
225.28333	0.01914
225.28333	0.02285
225.28333	0.02059
225.28333	0.03026
225.28333	0.02703
225.30000	0.02043
225.30000	0.01978
225.30000	0.02252
225.30000	0.02703
225.30000	0.02365
225.30000	0.02252
225.30000	0.02478
225.30000	0.01930
225.30000	0.01962
225.30000	0.02059
225.30000	0.02413
225.30000	0.02156
225.30000	0.02558
225.30000	0.02462
225.30000	0.01705
225.30000	0.00126
225.30000	0.00110
225.30000	0.00206
225.30000	-0.00035
225.30000	0.00174
225.30000	-0.00180
225.30000	0.00512
225.30000	0.00093
225.30000	0.00255
225.30000	0.00126
225.30000	0.00061
225.30000	0.00029
225.30000	0.00303
225.30000	0.01785
225.30000	0.01431
225.30000	0.00561
225.30000	0.00899
225.30000	0.00190
225.30000	-0.00148
225.30000	0.01253
225.30000	0.01044
225.30000	0.01721
225.30000	0.01576
225.30000	0.01946
225.30000	0.02188
225.30000	0.02123
225.30000	0.02413
225.30000	0.02768
225.30000	0.01318
225.30000	0.01688
225.30000	0.02188
225.30000	0.01914
225.30000	0.01769
225.30000	0.01866
225.30000	0.01995
225.30000	0.02333
225.30000	0.01656
225.30000	0.02172
225.30000	0.02043
225.31667	0.02140
225.31667	0.02736
225.31667	0.02123
225.31667	0.02784
225.31667	0.02333
225.31667	0.02140
225.31667	0.02736
225.31667	0.02059
225.31667	0.02768
225.31667	0.01833
225.31667	0.02172
225.31667	0.02172
225.31667	0.01978
225.33333	0.02365
225.35000	0.02204
225.41667	0.02188
225.48333	0.01914
225.51667	0.02317
225.51667	0.02011
225.51667	0.02865
225.51667	0.02430
225.53333	0.02365
225.53333	0.02365
225.56667	0.01737
225.58333	0.01866
225.60000	0.01463
225.61667	0.01415
225.63333	0.01447
225.65000	0.02317
225.68333	0.01592
225.73333	0.01737
225.78333	0.01415
225.83333	0.01801
225.86667	0.01656
225.88333	0.01785
225.91667	0.01930
225.95000	0.01817
226.00000	0.02011
226.06667	0.01866
226.13333	0.02156
226.20000	0.02542
226.23333	0.02365
226.28333	0.02720
226.31667	0.02800
226.35000	0.02236
226.40000	0.02446
226.43333	0.02494
226.50000	0.02252
226.56667	0.02494
226.65000	0.02301
226.70000	0.02655
226.73333	0.02478
226.76667	0.01801
226.80000	0.02188
226.83333	0.02623
226.90000	0.02832
226.95000	0.02607
227.00000	0.02494
227.01667	0.02059
227.05000	0.02252
227.06667	0.02365
227.10000	0.02607
227.15000	0.02526
227.20000	0.02655
227.25000	0.02542
227.28333	0.02011
227.33333	0.02881
227.36667	0.02430
227.40000	0.02768
227.41667	0.02687
227.45000	0.02913
227.48333	0.02881
227.51667	0.02752
227.55000	0.02462
227.58333	0.02510
227.61667	0.02784
227.65000	0.02720
227.68333	0.02526
227.71667	0.02333
227.75000	0.02494
227.76667	0.02381
227.80000	0.02591
227.80000	0.03090
227.81667	0.03074
227.83333	0.02446
227.86667	0.03026
227.90000	0.02365
227.95000	0.02623
227.98333	0.01898
228.03333	0.01721
228.06667	0.02349
228.10000	0.03509
228.13333	0.02172
228.16667	0.02575
228.20000	0.02720
228.21667	0.03122
228.25000	0.02494
228.26667	0.02945
228.30000	0.02365
228.33333	0.02655
228.38333	0.01978
228.43333	0.02848
228.48333	0.02736
228.53333	0.03122
228.58333	0.02268
228.65000	0.03251
228.71667	0.03364
228.76667	0.03058
228.80000	0.03219
228.80000	0.02671
228.81667	0.02881
228.81667	0.02268
228.83333	0.02929
228.83333	0.02816
228.83333	0.03267
228.83333	0.02961
228.83333	0.03042
228.85000	0.03461
228.85000	0.03122
228.85000	0.02832
228.90000	0.03138
228.96667	0.03380
229.00000	0.02945
229.01667	0.02897
229.03333	0.02832
229.03333	0.02671
229.03333	0.03332
229.03333	0.03122
229.05000	0.02881
229.05000	0.02736
229.05000	0.03316
229.05000	0.02800
229.06667	0.02977
229.10000	0.02816
229.13333	0.02977
229.15000	0.02301
229.18333	0.02945
229.18333	0.02655
229.20000	0.02413
229.21667	0.03364
229.23333	0.02607
229.25000	0.02752
229.26667	0.02591
229.30000	0.02285
229.33333	0.03026
229.36667	0.02558
229.40000	0.02301
229.41667	0.03155
229.45000	0.02542
229.46667	0.02526
229.46667	0.02607
229.48333	0.02736
229.50000	0.02639
229.50000	0.02140
229.51667	0.02188
229.51667	0.02333
229.53333	0.02510
229.56667	0.03267
229.58333	0.03058
229.61667	0.03106
229.63333	0.03074
229.66667	0.02816
229.71667	0.02993
229.76667	0.02865
229.81667	0.02446
229.85000	0.02011
229.88333	0.01028
229.91667	0.00883
229.95000	0.01415
229.98333	0.00867
230.01667	0.01576
230.05000	0.01946
230.06667	0.01705
230.08333	0.01173
230.10000	0.02204
230.10000	0.02285
230.10000	0.02075
230.11667	0.02558
230.11667	0.02881
230.11667	0.03477
230.11667	0.03155
230.13333	0.03138
230.13333	0.03960
230.15000	0.03525
230.20000	0.03348
230.23333	0.03219
230.28333	0.03058
230.31667	0.03283
230.33333	0.03267
230.33333	0.03283
230.35000	0.02913
230.36667	0.03042
230.40000	0.03525
230.41667	0.03735
230.45000	0.02897
230.46667	0.03187
230.46667	0.03251
230.50000	0.03380
230.51667	0.03074
230.51667	0.03058
230.53333	0.03235
230.56667	0.03686
230.58333	0.03428
230.58333	0.03654
230.58333	0.03412
230.60000	0.03445
230.60000	0.03783
230.60000	0.02768
230.61667	0.03606
230.61667	0.03799
230.63333	0.03622
230.63333	0.03686
230.66667	0.02558
230.70000	0.04137
230.73333	0.03300
230.78333	0.03138
230.81667	0.03396
230.86667	0.03316
230.91667	0.03428
230.95000	0.03509
231.00000	0.03573
231.05000	0.03106
231.10000	0.03622
231.15000	0.03235
231.20000	0.04073
231.26667	0.03412
231.33333	0.03944
231.40000	0.03493
231.45000	0.03026
231.48333	0.03155
231.51667	0.03042
231.53333	0.03219
231.53333	0.03622
231.53333	0.03718
231.55000	0.03622
231.55000	0.03203
231.55000	0.03541
231.56667	0.03541
231.58333	0.03445
231.60000	0.02542
231.60000	0.03283
231.60000	0.03219
231.61667	0.03187
231.61667	0.02687
231.61667	0.00480
231.61667	0.00255
231.61667	0.00448
231.61667	0.00287
231.61667	0.00126
231.61667	0.00335
231.61667	0.00013
231.60000	0.00786
231.60000	0.01721
231.60000	0.02816
231.60000	0.03058
231.60000	0.02671
231.60000	0.03380
231.60000	0.03219
231.60000	0.03155
231.60000	0.03316
231.60000	0.03219
231.60000	0.03251
231.60000	0.02736
231.60000	0.03396
231.60000	0.03267
231.60000	0.03332
231.60000	0.03380
231.60000	0.03557
231.60000	0.03654
231.60000	0.02865
231.60000	0.03010
231.60000	0.03509
231.60000	0.02913
231.60000	0.02703
231.60000	0.03332
231.60000	0.03332
231.60000	0.02558
231.60000	0.02929
231.60000	0.03138
231.60000	0.03074
231.60000	0.03058
231.60000	0.03380
231.60000	0.02607
231.60000	0.02720
231.60000	0.02349
231.60000	0.02607
231.60000	0.03042
231.60000	0.02317
231.60000	0.02768
231.60000	0.02317
231.60000	0.03090
231.60000	0.02752
231.60000	0.03138
231.60000	0.03590
231.60000	0.02977
231.60000	0.02881
231.60000	0.03283
231.60000	0.02784
231.60000	0.02881
231.60000	0.02961
231.60000	0.02268
231.60000	0.03541
231.60000	0.02703
231.60000	0.02365
231.60000	0.03622
231.60000	0.03074
231.60000	0.02687
231.60000	0.03122
231.60000	0.03138
231.60000	0.02993
231.60000	0.03026
231.60000	0.03171
231.60000	0.02945
231.60000	0.02720
231.60000	0.03316
231.60000	0.02542
231.60000	0.03042
231.60000	0.03026
231.60000	0.02333
231.60000	0.02929
231.60000	0.03155
231.60000	0.03203
231.60000	0.02977
231.60000	0.03251
231.60000	0.02945
231.61667	0.03090
231.61667	0.02591
231.61667	0.02687
231.61667	0.02881
231.61667	0.03428
231.61667	0.03090
231.61667	0.03541
231.63333	0.03171
231.65000	0.03251
231.70000	0.03686
231.75000	0.03106
231.85000	0.02301
231.91667	0.03074
231.93333	0.03654
231.95000	0.03251
231.95000	0.03461
231.96667	0.03493
231.98333	0.03557
232.00000	0.03155
232.01667	0.03267
232.01667	0.03396
232.01667	0.02865
232.01667	0.03058
232.01667	0.03283
232.01667	0.03283
232.03333	0.03670
232.05000	0.03074
232.06667	0.03122
232.08333	0.02558
232.10000	0.03106
232.11667	0.02881
232.11667	0.03445
232.11667	0.03122
232.13333	0.03138
232.13333	0.03203
232.13333	0.03412
232.13333	0.03251
232.13333	0.02639
232.13333	0.02897
232.15000	0.02945
232.15000	0.02720
232.16667	0.02575
232.18333	0.02478
232.20000	0.02494
232.23333	0.02591
232.25000	0.02800
232.28333	0.02816
232.33333	0.03155
232.36667	0.03412
232.40000	0.03477
232.43333	0.03235
232.48333	0.03332
232.51667	0.03686
232.55000	0.03138
232.56667	0.03718
232.60000	0.03187
232.63333	0.03493
232.66667	0.03718
232.70000	0.03283
232.71667	0.03267
232.71667	0.03461
232.73333	0.02671
232.75000	0.03445
232.76667	0.03573
232.76667	0.03138
232.78333	0.03300
232.80000	0.03332
232.80000	0.03880
232.80000	0.03074
232.80000	0.03590
232.81667	0.03557
232.83333	0.03590
232.83333	0.03767
232.83333	0.03251
232.85000	0.03203
232.90000	0.03751
232.95000	0.03799
233.00000	0.03815
233.03333	0.02977
233.06667	0.03090
233.08333	0.02848
233.11667	0.03412
233.13333	0.03670
233.15000	0.04041
233.18333	0.03815
233.21667	0.03606
233.21667	0.04170
233.23333	0.03493
233.23333	0.03831
233.23333	0.04008
233.25000	0.03477
233.25000	0.03590
233.25000	0.03590
233.25000	0.03783
233.26667	0.03896
233.26667	0.04170
233.28333	0.03976
233.30000	0.03815
233.33333	0.03590
233.36667	0.03573
233.41667	0.03557
233.43333	0.03735
233.45000	0.03767
233.46667	0.03815
233.48333	0.03396
233.51667	0.03557
233.55000	0.03251
233.56667	0.03396
233.58333	0.03509
233.60000	0.03912
233.60000	0.03461
233.61667	0.02865
233.61667	0.03428
233.63333	0.03348
233.65000	0.03300
233.65000	0.03445
233.66667	0.03944
233.68333	0.03912
233.70000	0.03493
233.71667	0.03831
233.71667	0.03428
233.71667	0.03638
233.73333	0.03622
233.73333	0.03670
233.75000	0.03477
233.76667	0.03590
233.80000	0.03702
233.85000	0.03992
233.93333	0.04460
234.00000	0.03461
234.06667	0.02365
234.13333	0.02188
234.21667	0.02123
234.30000	0.02720
234.33333	0.03573
234.35000	0.03735
234.35000	0.03493
234.35000	0.03944
234.35000	0.04121
234.35000	0.03670
234.36667	0.03896
234.40000	0.03654
234.43333	0.04363
234.46667	0.04170
234.48333	0.03847
234.51667	0.03992
234.53333	0.04025
234.55000	0.03590
234.55000	0.03767
234.56667	0.04250
234.60000	0.03944
234.63333	0.03638
234.66667	0.03428
234.68333	0.03573
234.70000	0.03670
234.70000	0.03847
234.71667	0.02929
234.73333	0.03590
234.75000	0.03718
234.76667	0.03316
234.78333	0.03428
234.80000	0.03332
234.81667	0.03332
234.83333	0.02913
234.85000	0.03348
234.86667	0.02494
234.86667	0.03718
234.86667	0.02639
234.86667	0.03477
234.88333	0.03863
234.88333	0.03831
234.90000	0.03654
234.91667	0.03638
234.93333	0.03718
234.96667	0.03283
234.98333	0.04057
235.00000	0.03847
235.01667	0.03880
235.06667	0.04137
235.10000	0.04331
235.13333	0.03992
235.16667	0.03557
235.18333	0.04008
235.20000	0.03847
235.21667	0.04137
235.25000	0.03976
235.30000	0.03944
235.33333	0.04266
235.35000	0.04057
235.36667	0.04089
235.38333	0.03654
235.38333	0.03751
235.40000	0.04089
235.40000	0.03767
235.40000	0.03896
235.40000	0.03960
235.40000	0.03751
235.40000	0.03815
235.40000	0.03751
235.40000	0.03590
235.40000	0.03026
235.40000	0.03428
235.40000	0.03316
235.40000	0.03267
235.40000	0.02977
235.41667	0.03155
235.41667	0.04331
235.45000	0.03300
235.48333	0.01801
235.51667	0.00528
235.53333	0.00271
235.55000	0.00319
235.56667	-0.00035
235.58333	0.00287
235.63333	0.00126
235.68333	-0.00116
235.73333	0.00351
235.76667	-0.00052
235.80000	0.00673
235.83333	0.00738
235.86667	-0.00035
235.91667	-0.00148
235.96667	-0.00197
236.03333	-0.00019
236.08333	-0.00245
236.11667	0.00287
236.13333	0.00158
236.15000	0.00045
236.18333	0.00319
236.20000	0.00174
236.21667	0.00110
236.23333	0.00110
236.26667	0.00158
236.28333	0.00899
236.30000	0.02252
236.31667	0.02655
236.35000	0.03171
236.36667	0.03283
236.40000	0.03928
236.41667	0.03847
236.41667	0.03445
236.43333	0.04186
236.43333	0.03622
236.45000	0.03590
236.45000	0.04266
236.46667	0.03880
236.46667	0.04186
236.46667	0.03847
236.46667	0.04105
236.46667	0.03670
236.46667	0.03896
236.46667	0.04057
236.46667	0.03815
236.46667	0.03815
236.46667	0.03912
236.46667	0.04315
236.48333	0.04315
236.48333	0.03944
236.48333	0.03509
236.48333	0.03590
236.48333	0.04025
236.48333	0.02881
236.50000	0.01817
236.50000	0.02494
236.51667	0.03332
236.51667	0.04218
236.51667	0.03670
236.51667	0.03606
236.51667	0.04073
236.51667	0.03638
236.51667	0.00335
236.51667	-0.00116
236.51667	0.00029
236.51667	-0.00229
236.51667	0.00206
236.51667	0.00142
236.51667	-0.00180
236.51667	0.00045
236.51667	0.02703
236.51667	0.03976
236.51667	0.04170
236.51667	0.03477
236.51667	0.03122
236.51667	0.03751
236.51667	0.03622
236.51667	0.03831
236.51667	0.03992
236.51667	0.03493
236.51667	0.03638
236.51667	0.03606
236.51667	0.03412
236.51667	0.03203
236.51667	0.03074
236.51667	0.03155
236.51667	0.03525
236.51667	0.03187
236.51667	0.03283
236.51667	0.03638
236.51667	0.03332
236.51667	0.03735
236.51667	0.03735
236.51667	0.03735
236.51667	0.03847
236.51667	0.03412
236.51667	0.03638
236.51667	0.03992
236.51667	0.03928
236.51667	0.04008
236.51667	0.03751
236.51667	0.04025
236.51667	0.04041
236.51667	0.03638
236.51667	0.03992
236.51667	0.04137
236.51667	0.03670
236.51667	0.04266
236.51667	0.03928
236.51667	0.03573
236.51667	0.03847
236.51667	0.03541
236.51667	0.04105
236.51667	0.04363
236.51667	0.04137
236.51667	0.03622
236.51667	0.04008
236.51667	0.03751
236.51667	0.04121
236.51667	0.04137
236.51667	0.04089
236.51667	0.03928
236.51667	0.04121
236.51667	0.03477
236.51667	0.04266
236.51667	0.03960
236.51667	0.03638
236.51667	0.04121
236.51667	0.03638
236.51667	0.04153
236.51667	0.03928
236.51667	0.04057
236.51667	0.03992
236.51667	0.04025
236.51667	0.04298
236.51667	0.04282
236.51667	0.03863
236.51667	0.04186
236.51667	0.04315
236.51667	0.03815
236.51667	0.04395
236.51667	0.03735
236.51667	0.03847
236.51667	0.04234
236.51667	0.04073
236.51667	0.04008
236.51667	0.03880
236.51667	0.04315
236.51667	0.04347
236.51667	0.04363
236.51667	0.04282
236.51667	0.04347
236.51667	0.04250
236.51667	0.04363
236.51667	0.04202
236.51667	0.03944
236.51667	0.04492
236.51667	0.04331
236.51667	0.04363
236.51667	0.04540
236.51667	0.04540
236.51667	0.04540
236.51667	0.04041
236.51667	0.04492
236.51667	0.04057
236.51667	0.04315
236.51667	0.04637
236.51667	0.04411
236.51667	0.04524
236.51667	0.04492
236.51667	0.04427
236.51667	0.04540
236.51667	0.04298
236.51667	0.04540
236.51667	0.04443
236.51667	0.03944
236.51667	0.04282
236.51667	0.04653
236.51667	0.04862
236.51667	0.05394
236.51667	0.04331
236.51667	0.04008
236.51667	0.04315
236.51667	0.04282
236.51667	0.04379
236.51667	0.04170
236.51667	0.04089
236.51667	0.04266
236.51667	0.04605
236.51667	0.04282
236.51667	0.04395
236.51667	0.04089
236.51667	0.04105
236.51667	0.03654
236.51667	0.03493
236.51667	0.03912
236.51667	0.03847
236.51667	0.03396
236.51667	0.03509
236.51667	0.03332
236.51667	0.03364
236.51667	0.03316
236.51667	0.03718
236.51667	0.03702
236.51667	0.03638
236.51667	0.03493
236.51667	0.03638
236.51667	0.02558
236.51667	0.03831
236.51667	0.03283
236.51667	0.02945
236.51667	0.03735
236.51667	0.03573
236.51667	0.03590
236.51667	0.03863
236.51667	0.03590
236.51667	0.03525
236.51667	0.03380
236.51667	0.03477
236.51667	0.03477
236.51667	0.03799
236.51667	0.03815
236.51667	0.03767
236.51667	0.03928
236.51667	0.03203
236.51667	0.03718
236.51667	0.03525
236.51667	0.03541
236.51667	0.03863
236.51667	0.03428
236.51667	0.03751
236.51667	0.04186
236.51667	0.03735
236.51667	0.03960
236.51667	0.03155
236.51667	0.03767
236.51667	0.04073
236.51667	0.04089
236.51667	0.03847
236.51667	0.03477
236.51667	0.03863
236.51667	0.03364
236.51667	0.03751
236.51667	0.03944
236.51667	0.03799
236.51667	0.03557
236.51667	0.03912
236.51667	0.03735
236.51667	0.03831
236.51667	0.03525
236.51667	0.03702
236.51667	0.03718
236.51667	0.03831
236.51667	0.03718
236.51667	0.03590
236.51667	0.03461
236.51667	0.03702
236.51667	0.03203
236.51667	0.03847
236.51667	0.03783
236.51667	0.03654
236.51667	0.03751
236.51667	0.03718
236.51667	0.03171
236.51667	0.03670
236.51667	0.03557
236.51667	0.03976
236.51667	0.03928
236.51667	0.03283
236.51667	0.03509
236.51667	0.03783
236.51667	0.03718
236.51667	0.03831
236.51667	0.03348
236.51667	0.03525
236.51667	0.03670
236.51667	0.03622
236.51667	0.03219
236.51667	0.03670
236.51667	0.03541
236.51667	0.03267
236.51667	0.03283
236.51667	0.03718
236.51667	0.03799
236.51667	0.03461
236.51667	0.03461
236.51667	0.03718
236.51667	0.03896
236.51667	0.03445
236.51667	0.03509
236.51667	0.03122
236.51667	0.03348
236.51667	0.03638
236.51667	0.02623
236.51667	0.03557
236.51667	0.03541
236.51667	0.03815
236.51667	0.03525
236.51667	0.03686
236.51667	0.03138
236.51667	0.03831
236.51667	0.03412
236.51667	0.03251
236.51667	0.03316
236.51667	0.03380
236.51667	0.03155
236.51667	0.02993
236.51667	0.03380
236.51667	0.03155
236.51667	0.03622
236.51667	0.03461
236.51667	0.03654
236.51667	0.03525
236.51667	0.03171
236.51667	0.03332
236.51667	0.03541
236.51667	0.03670
236.51667	0.03412
236.51667	0.03364
236.51667	0.03654
236.51667	0.03767
236.51667	0.03622
236.51667	0.03638
236.51667	0.03251
236.51667	0.03332
236.51667	0.03638
236.51667	0.03477
236.51667	0.03638
236.51667	0.03606
236.51667	0.03702
236.51667	0.03718
236.51667	0.04008
236.51667	0.03783
236.51667	0.03590
236.51667	0.03767
236.51667	0.03477
236.51667	0.04089
236.51667	0.04025
236.51667	0.04025
236.51667	0.03960
236.51667	0.03863
236.51667	0.04137
236.51667	0.03541
236.51667	0.03638
236.51667	0.04186
236.51667	0.04153
236.51667	0.04089
236.51667	0.03960
236.51667	0.04153
236.51667	0.04234
236.51667	0.04250
236.51667	0.03735
236.51667	0.04331
236.51667	0.04089
236.51667	0.04363
236.51667	0.04379
236.51667	0.04395
236.51667	0.04202
236.51667	0.04202
236.51667	0.04041
236.51667	0.03944
236.51667	0.03912
236.51667	0.03815
236.51667	0.04476
236.51667	0.04347
236.51667	0.03815
236.51667	0.04218
236.51667	0.04460
236.51667	0.04121
236.51667	0.04331
236.51667	0.04202
236.51667	0.04315
236.51667	0.04153
236.51667	0.03767
236.51667	0.04025
236.51667	0.03976
236.51667	0.04298
236.51667	0.04041
236.51667	0.03960
236.51667	0.04411
236.51667	0.04234
236.51667	0.04266
236.51667	0.04153
236.51667	0.04170
236.51667	0.03718
236.51667	0.03622
236.51667	0.03960
236.51667	0.04153
236.51667	0.03912
236.51667	0.04298
236.51667	0.04298
236.51667	0.03638
236.51667	0.04331
236.51667	0.03783
236.51667	0.04282
236.51667	0.04170
236.51667	0.03944
236.51667	0.04331
236.51667	0.04234
236.51667	0.03831
236.51667	0.03638
236.51667	0.04298
236.51667	0.03799
236.51667	0.03815
236.51667	0.03863
236.51667	0.03992
236.51667	0.03992
236.51667	0.03863
236.51667	0.03831
236.51667	0.04057
236.51667	0.03912
236.51667	0.03880
236.51667	0.04282
236.51667	0.03735
236.51667	0.04105
236.51667	0.04202
236.51667	0.03992
236.51667	0.04170
236.51667	0.03912
236.51667	0.04121
236.51667	0.03960
236.51667	0.04105
236.51667	0.04137
236.51667	0.04153
236.51667	0.04218
236.51667	0.03960
236.51667	0.03606
236.51667	0.03880
236.51667	0.03928
236.51667	0.04170
236.51667	0.03976
236.51667	0.03928
236.51667	0.03928
236.51667	0.03928
236.51667	0.04089
236.51667	0.03428
236.51667	0.04137
236.51667	0.03960
236.51667	0.03896
236.51667	0.03670
236.51667	0.03896
236.51667	0.04041
236.51667	0.03638
236.51667	0.03509
236.51667	0.03767
236.51667	0.03912
236.51667	0.03509
236.51667	0.04347
236.51667	0.03686
236.51667	0.03896
236.51667	0.03573
236.51667	0.03847
236.51667	0.03912
236.51667	0.03590
236.51667	0.04025
236.51667	0.03445
236.51667	0.03509
236.51667	0.03847
236.51667	0.03557
236.51667	0.04186
236.51667	0.03896
236.51667	0.03654
236.51667	0.03815
236.51667	0.04073
236.51667	0.03863
236.51667	0.03960
236.51667	0.03735
236.51667	0.03976
236.51667	0.03686
236.51667	0.03670
236.51667	0.03670
236.51667	0.04041
236.51667	0.04025
236.51667	0.04218
236.51667	0.04202
236.51667	0.03847
236.51667	0.03735
236.51667	0.04073
236.51667	0.04315
236.51667	0.04186
236.51667	0.04121
236.51667	0.04363
236.51667	0.03928
236.51667	0.04395
236.51667	0.03445
236.51667	0.04218
236.51667	0.04008
236.51667	0.04218
236.51667	0.04282
236.51667	0.04298
236.51667	0.03686
236.51667	0.04234
236.51667	0.03976
236.51667	0.04170
236.51667	0.03831
236.51667	0.03348
236.51667	0.03606
236.51667	0.04041
236.51667	0.03960
236.51667	0.03976
236.51667	0.04137
236.51667	0.04170
236.51667	0.04105
236.51667	0.04298
236.51667	0.03541
236.51667	0.04250