# Polarization of Light 'theta' Data File Tue, Jan 23, 2018 9:46 AM
# Sensor Position (Radians)	Light Intensity (Volts)
0.00000	3.77936
0.00000	3.77259
0.00000	3.77952
0.00000	3.77726
0.00000	3.77646
0.00000	3.77484
0.00000	3.77791
0.00000	3.77372
0.00000	3.77404
0.00000	3.77984
0.00000	3.77630
0.00000	3.77726
0.00000	3.78065
0.00000	3.77936
0.00000	3.77839
0.00000	3.77823
0.00000	3.78000
0.00000	3.77871
0.00000	3.77936
0.00000	3.77839
0.00000	3.77936
0.00000	3.77936
0.00000	3.77726
0.00000	3.77791
0.00000	3.77952
0.00000	3.77903
0.00000	3.77903
0.00000	3.77920
0.00000	3.78016
0.00000	3.78032
0.00000	3.77501
0.00000	3.77565
0.00000	3.77791
0.00000	3.77694
0.00000	3.78145
0.00000	3.78113
0.00000	3.77968
0.00000	3.77646
0.00000	3.77211
0.00000	3.78145
0.00000	3.77613
0.00000	3.77887
0.00000	3.77694
0.00000	3.77307
0.00000	3.77871
0.00000	3.77533
0.00000	3.77742
0.00000	3.77742
0.00000	3.77920
0.00000	3.77452
0.00000	3.77807
0.00000	3.77468
0.00000	3.77662
0.00000	3.78048
0.00000	3.77259
0.00000	3.77452
0.00000	3.77694
0.00000	3.77404
0.00000	3.78161
0.00000	3.78032
0.00000	3.77968
0.00000	3.77372
0.00000	3.77339
0.00000	3.77211
0.00000	3.77275
0.00000	3.77662
0.00000	3.77178
0.00000	3.77871
0.00000	3.77130
0.00000	3.77420
0.00000	3.77339
0.00000	3.77420
0.00000	3.77726
0.00000	3.77775
0.00000	3.77597
0.00000	3.78000
0.00000	3.77565
0.00000	3.77807
0.00000	3.77855
0.00000	3.78081
0.00000	3.77920
0.00000	3.77565
0.00000	3.77646
0.00000	3.77871
0.00000	3.77887
0.00000	3.77630
0.00000	3.77098
0.00000	3.77404
0.00000	3.77887
0.00000	3.77630
0.00000	3.77871
0.00000	3.77646
0.00000	3.77307
0.00000	3.77468
0.00000	3.77984
0.00000	3.77936
0.00000	3.78145
0.00000	3.78177
0.00000	3.78000
0.00000	3.78065
0.00000	3.77952
0.00000	3.78371
0.00000	3.77839
0.00000	3.78081
0.00000	3.78242
0.00000	3.77984
0.00000	3.78177
0.00000	3.78532
0.00000	3.79080
0.00000	3.79305
0.00000	3.78210
0.00000	3.78709
0.00000	3.79321
0.00000	3.79321
0.00000	3.80465
0.00000	3.81061
0.00000	3.80449
0.00000	3.80594
0.00000	3.80481
0.00000	3.80465
0.00000	3.80304
-0.02182	3.76792
-0.04800	3.72152
-0.05672	3.71104
-0.05672	3.71040
-0.05672	3.70798
-0.05672	3.70573
-0.05672	3.70186
-0.05672	3.69348
-0.05672	3.70122
-0.05672	3.69638
-0.05672	3.69090
-0.05672	3.69638
-0.05672	3.70444
-0.05672	3.69251
-0.05672	3.69058
-0.05672	3.68704
-0.05672	3.69993
-0.05672	3.68559
-0.05672	3.69429
-0.05672	3.70009
-0.05672	3.70089
-0.05672	3.70589
-0.05672	3.72103
-0.05672	3.72039
-0.05672	3.71056
-0.05672	3.70911
-0.05672	3.70589
-0.05672	3.70250
-0.05672	3.69928
-0.05672	3.70621
-0.05672	3.70589
-0.05672	3.71088
-0.05672	3.71217
-0.05672	3.71604
-0.05672	3.72683
-0.05672	3.72425
-0.05672	3.72570
-0.05672	3.72474
-0.05672	3.73569
-0.05672	3.74149
-0.05672	3.74182
-0.05672	3.73827
-0.05672	3.73666
-0.05672	3.73763
-0.05672	3.75374
-0.05672	3.75728
-0.05672	3.75825
-0.05672	3.75535
-0.05672	3.75906
-0.05672	3.75181
-0.06545	3.73408
-0.07418	3.73070
-0.07418	3.72764
-0.07418	3.73231
-0.07418	3.73038
-0.07418	3.73392
-0.07418	3.73231
-0.07418	3.73569
-0.07418	3.73328
-0.07418	3.73650
-0.07418	3.73682
-0.07418	3.73586
-0.07418	3.73005
-0.07418	3.73312
-0.07418	3.72764
-0.07418	3.72313
-0.07418	3.72877
-0.07418	3.72925
-0.07418	3.72554
-0.07418	3.72538
-0.07418	3.72200
-0.07418	3.72667
-0.07418	3.72232
-0.07418	3.72603
-0.07418	3.71829
-0.07418	3.72055
-0.07418	3.71926
-0.07418	3.71459
-0.07418	3.71942
-0.07418	3.72152
-0.07418	3.72538
-0.07418	3.72313
-0.07418	3.71572
-0.07418	3.71813
-0.07418	3.71878
-0.07418	3.71539
-0.07418	3.71523
-0.07418	3.71539
-0.07418	3.71330
-0.07418	3.71813
-0.07418	3.72119
-0.07418	3.72361
-0.07418	3.72264
-0.07418	3.71829
-0.07418	3.72522
-0.07418	3.71717
-0.07418	3.71394
-0.07418	3.71572
-0.09599	3.68156
-0.10472	3.68462
-0.10472	3.68140
-0.10472	3.68091
-0.10472	3.68204
-0.10472	3.67479
-0.10472	3.67495
-0.10472	3.67495
-0.10472	3.67383
-0.10472	3.67318
-0.10472	3.67366
-0.10472	3.67286
-0.10472	3.67302
-0.10472	3.67254
-0.10472	3.66835
-0.10472	3.67076
-0.10472	3.67205
-0.10472	3.67270
-0.10472	3.66722
-0.10472	3.66948
-0.10472	3.67125
-0.10472	3.67624
-0.10472	3.67447
-0.10472	3.67318
-0.10472	3.67769
-0.10472	3.67109
-0.10472	3.67205
-0.10472	3.67028
-0.10472	3.67157
-0.10472	3.66835
-0.10472	3.67254
-0.10472	3.67254
-0.10472	3.67044
-0.10472	3.66851
-0.10472	3.66529
-0.10472	3.67318
-0.10472	3.67286
-0.10472	3.67350
-0.10472	3.67544
-0.10472	3.66464
-0.10472	3.65546
-0.10472	3.66368
-0.10472	3.66029
-0.10472	3.66271
-0.10472	3.65401
-0.10472	3.65401
-0.10472	3.64772
-0.10472	3.65063
-0.10472	3.64531
-0.10472	3.63838
-0.10472	3.64499
-0.10472	3.64015
-0.10472	3.64176
-0.10472	3.63854
-0.10472	3.64450
-0.10472	3.64515
-0.10472	3.63757
-0.10472	3.63902
-0.10472	3.63870
-0.10472	3.63999
-0.10472	3.64080
-0.10472	3.64789
-0.10472	3.64273
-0.10472	3.64370
-0.10472	3.64176
-0.10472	3.64724
-0.10472	3.64837
-0.10472	3.64837
-0.10472	3.64644
-0.10472	3.64096
-0.10472	3.64112
-0.10472	3.64482
-0.10472	3.65111
-0.10472	3.64950
-0.10472	3.65804
-0.10472	3.66432
-0.12654	3.64144
-0.13090	3.63467
-0.13090	3.63983
-0.14399	3.62952
-0.16144	3.61502
-0.16144	3.61099
-0.16144	3.60664
-0.16144	3.60680
-0.16144	3.60293
-0.16144	3.60229
-0.16144	3.59617
-0.16144	3.58972
-0.16144	3.58860
-0.16144	3.59230
-0.16144	3.59375
-0.16144	3.59939
-0.16144	3.59649
-0.16144	3.59585
-0.16144	3.60358
-0.16144	3.60326
-0.16144	3.59327
-0.16144	3.58988
-0.16144	3.58280
-0.16144	3.59053
-0.16144	3.59939
-0.16144	3.60374
-0.16144	3.59713
-0.16144	3.59295
-0.16144	3.58876
-0.16144	3.59585
-0.16144	3.60116
-0.16144	3.60922
-0.16144	3.60954
-0.16144	3.59842
-0.16144	3.58988
-0.16144	3.59456
-0.16144	3.60406
-0.16144	3.59875
-0.16144	3.59794
-0.16144	3.59552
-0.16144	3.60310
-0.16144	3.60680
-0.16144	3.60874
-0.16144	3.60406
-0.16144	3.61905
-0.18326	3.60245
-0.18326	3.60680
-0.18326	3.60342
-0.18326	3.60390
-0.18326	3.60165
-0.19199	3.59133
-0.19199	3.58988
-0.19199	3.58860
-0.19199	3.58682
-0.19199	3.58553
-0.19199	3.58457
-0.19199	3.58135
-0.19199	3.57700
-0.19199	3.57200
-0.19199	3.57522
-0.19199	3.57845
-0.19199	3.57973
-0.19199	3.57345
-0.19199	3.57828
-0.19199	3.57603
-0.19199	3.56942
-0.19199	3.57780
-0.19199	3.58151
-0.19199	3.57780
-0.19199	3.58006
-0.19199	3.57893
-0.19199	3.57522
-0.19199	3.57522
-0.19199	3.57071
-0.19199	3.57732
-0.19199	3.57377
-0.19199	3.57716
-0.19199	3.57587
-0.19199	3.58553
-0.19199	3.58457
-0.19199	3.58183
-0.19199	3.58038
-0.19199	3.58167
-0.19199	3.58231
-0.19199	3.58215
-0.19199	3.58473
-0.19199	3.58650
-0.19199	3.58118
-0.19199	3.58247
-0.19199	3.58892
-0.19199	3.58360
-0.19199	3.59005
-0.19199	3.58779
-0.20508	3.60245
-0.20944	3.59939
-0.20944	3.58940
-0.20944	3.58247
-0.20944	3.59150
-0.20944	3.58892
-0.20944	3.58811
-0.20944	3.59875
-0.20944	3.59295
-0.20944	3.59939
-0.20944	3.59633
-0.20944	3.60148
-0.20944	3.59713
-0.20944	3.59955
-0.20944	3.60406
-0.20944	3.60116
-0.20944	3.60100
-0.20944	3.60326
-0.20944	3.60068
-0.20944	3.60020
-0.20944	3.59939
-0.20944	3.60406
-0.20944	3.59907
-0.20944	3.60455
-0.20944	3.60648
-0.20944	3.60857
-0.20944	3.60841
-0.20944	3.60551
-0.20944	3.60567
-0.20944	3.60245
-0.20944	3.61019
-0.23562	3.54671
-0.23998	3.54622
-0.23998	3.55138
-0.23998	3.54993
-0.23998	3.54977
-0.23998	3.54654
-0.23998	3.54171
-0.23998	3.52963
-0.23998	3.52512
-0.23998	3.52592
-0.23998	3.52222
-0.23998	3.51674
-0.23998	3.51271
-0.23998	3.51368
-0.23998	3.50659
-0.23998	3.50433
-0.23998	3.50353
-0.23998	3.50288
-0.23998	3.50723
-0.23998	3.50723
-0.23998	3.50047
-0.23998	3.50433
-0.23998	3.49354
-0.23998	3.48870
-0.23998	3.46180
-0.23998	3.47775
-0.23998	3.48758
-0.23998	3.50175
-0.23998	3.50095
-0.23998	3.49966
-0.23998	3.49402
-0.23998	3.50030
-0.23998	3.50014
-0.23998	3.49918
-0.23998	3.50030
-0.23998	3.49595
-0.23998	3.48774
-0.23998	3.49547
-0.23998	3.49998
-0.23998	3.49869
-0.23998	3.49998
-0.23998	3.49740
-0.23998	3.48983
-0.23998	3.49483
-0.23998	3.48742
-0.23998	3.49499
-0.23998	3.49483
-0.23998	3.50304
-0.23998	3.50175
-0.23998	3.49740
-0.23998	3.50079
-0.23998	3.49869
-0.23998	3.49724
-0.26616	3.45664
-0.29234	3.41024
-0.29671	3.39252
-0.29671	3.39010
-0.29671	3.39929
-0.30980	3.37560
-0.33161	3.33291
-0.34034	3.30632
-0.34470	3.29746
-0.34470	3.29585
-0.34470	3.29472
-0.34470	3.29005
-0.34470	3.30052
-0.34470	3.29633
-0.34470	3.29585
-0.34470	3.29988
-0.34470	3.30084
-0.34470	3.29263
-0.34470	3.29859
-0.34470	3.29730
-0.34470	3.29794
-0.34470	3.29811
-0.34470	3.29939
-0.34470	3.29279
-0.34470	3.29875
-0.34470	3.29633
-0.34470	3.29376
-0.34470	3.29521
-0.34470	3.29698
-0.34470	3.29263
-0.34470	3.29537
-0.34470	3.29472
-0.34470	3.29521
-0.34470	3.29343
-0.34470	3.29633
-0.34470	3.29601
-0.34470	3.29456
-0.34470	3.29730
-0.34470	3.29440
-0.34470	3.29053
-0.34470	3.29488
-0.34470	3.29939
-0.34470	3.30133
-0.34470	3.30358
-0.34470	3.29778
-0.34470	3.29956
-0.34470	3.29794
-0.34470	3.30036
-0.34470	3.30503
-0.34470	3.30294
-0.34470	3.30117
-0.34470	3.30374
-0.34470	3.30213
-0.34470	3.30117
-0.34470	3.30342
-0.34470	3.30374
-0.34470	3.30052
-0.34470	3.30777
-0.34470	3.30761
-0.34470	3.31244
-0.34470	3.30922
-0.34470	3.31180
-0.34470	3.31212
-0.34470	3.30407
-0.36652	3.24155
-0.37525	3.22448
-0.37525	3.22560
-0.37525	3.22850
-0.37525	3.22834
-0.37525	3.22786
-0.37525	3.23092
-0.37525	3.23012
-0.37525	3.22995
-0.37525	3.22738
-0.37525	3.22560
-0.37525	3.22770
-0.37525	3.22496
-0.37525	3.22641
-0.37525	3.22399
-0.37525	3.22093
-0.37525	3.22351
-0.37525	3.22367
-0.37525	3.22754
-0.37525	3.21884
-0.37525	3.23044
-0.37525	3.23076
-0.37525	3.22963
-0.37525	3.22738
-0.37525	3.22625
-0.37525	3.22158
-0.37525	3.23447
-0.37525	3.22432
-0.37525	3.23012
-0.37525	3.23044
-0.37525	3.23173
-0.37525	3.22577
-0.37525	3.22867
-0.37525	3.22448
-0.37525	3.22915
-0.37525	3.22722
-0.37525	3.22689
-0.37525	3.22577
-0.37525	3.22577
-0.37525	3.22834
-0.37525	3.22850
-0.37525	3.23334
-0.37525	3.23173
-0.37525	3.22738
-0.37525	3.22979
-0.37525	3.22625
-0.37525	3.23350
-0.37525	3.23302
-0.37525	3.23140
-0.37525	3.23527
-0.37525	3.23012
-0.38834	3.18984
-0.39706	3.17066
-0.39706	3.17163
-0.41015	3.13715
-0.42761	3.09285
-0.44070	3.06546
-0.44070	3.05966
-0.44070	3.05740
-0.44070	3.05998
-0.44070	3.05660
-0.44070	3.06127
-0.44070	3.06175
-0.44070	3.06223
-0.44070	3.06191
-0.44070	3.05998
-0.44070	3.06046
-0.44070	3.06078
-0.44070	3.06272
-0.44070	3.06336
-0.44070	3.06562
-0.44070	3.06288
-0.44070	3.05563
-0.44070	3.06111
-0.44070	3.05982
-0.44070	3.05917
-0.44070	3.05998
-0.44070	3.06240
-0.44070	3.06433
-0.44070	3.05128
-0.44070	3.06352
-0.44070	3.06352
-0.44070	3.05982
-0.44070	3.06159
-0.44070	3.05821
-0.44070	3.06159
-0.44070	3.05788
-0.44070	3.06240
-0.44070	3.06078
-0.44070	3.06014
-0.44070	3.05821
-0.44070	3.05772
-0.44070	3.05515
-0.44070	3.06594
-0.44070	3.06497
-0.44070	3.06368
-0.44070	3.05660
-0.44070	3.06127
-0.44070	3.06803
-0.44070	3.06739
-0.44070	3.05966
-0.44070	3.06207
-0.44070	3.05885
-0.44070	3.06272
-0.44070	3.05950
-0.44070	3.06191
-0.44070	3.06530
-0.44070	3.06723
-0.44070	3.06385
-0.45379	3.03662
-0.46251	3.01535
-0.46251	3.01261
-0.46251	3.01519
-0.46251	3.01374
-0.46251	3.01664
-0.46251	3.02179
-0.46251	3.01728
-0.46251	3.01422
-0.46251	3.01696
-0.46251	3.01471
-0.46251	3.01374
-0.46251	3.01358
-0.46251	3.01003
-0.46251	3.01277
-0.46251	3.01583
-0.46251	3.01438
-0.46251	3.01777
-0.46251	3.01664
-0.46251	3.01374
-0.46251	3.01664
-0.46251	3.00778
-0.46251	3.01503
-0.46251	3.01309
-0.46251	3.01406
-0.46251	3.01261
-0.46251	3.00955
-0.46251	3.01036
-0.46251	3.00874
-0.46251	3.00794
-0.46251	3.00971
-0.46251	3.01309
-0.46251	3.01406
-0.46251	3.01583
-0.46251	3.01358
-0.46251	3.01841
-0.46251	3.00617
-0.46251	3.01422
-0.46251	3.01809
-0.46251	3.02115
-0.46251	3.01454
-0.46251	3.02067
-0.46251	3.01551
-0.46251	3.01744
-0.46251	3.01632
-0.46251	3.01744
-0.46251	3.01503
-0.46251	3.01326
-0.46251	3.01471
-0.46251	3.01326
-0.46251	3.01567
-0.46251	3.01100
-0.46251	3.01084
-0.46251	3.01680
-0.47997	2.96347
-0.50615	2.87405
-0.51924	2.83104
-0.51924	2.82427
-0.51924	2.81863
-0.51924	2.82089
-0.51924	2.81976
-0.51924	2.82282
-0.51924	2.82346
-0.51924	2.81831
-0.51924	2.81734
-0.51924	2.82250
-0.51924	2.81976
-0.51924	2.82217
-0.51924	2.81654
-0.51924	2.81670
-0.51924	2.82137
-0.51924	2.82201
-0.51924	2.82572
-0.51924	2.82234
-0.51924	2.82572
-0.51924	2.82040
-0.51924	2.82201
-0.51924	2.82089
-0.51924	2.82556
-0.51924	2.81976
-0.51924	2.82669
-0.51924	2.82540
-0.51924	2.82491
-0.51924	2.82524
-0.51924	2.82395
-0.51924	2.82250
-0.51924	2.82459
-0.51924	2.82604
-0.51924	2.81927
-0.51924	2.82137
-0.51924	2.82733
-0.51924	2.82234
-0.51924	2.81944
-0.51924	2.82250
-0.51924	2.82620
-0.51924	2.82910
-0.51924	2.82991
-0.51924	2.82991
-0.51924	2.82540
-0.51924	2.82894
-0.51924	2.82089
-0.51924	2.82604
-0.51924	2.82459
-0.51924	2.82298
-0.51924	2.82185
-0.52360	2.83055
-0.53669	2.77883
-0.54542	2.74774
-0.54542	2.74838
-0.54542	2.74581
-0.54542	2.75000
-0.54542	2.75000
-0.54542	2.74806
-0.54542	2.74645
-0.54542	2.74855
-0.54542	2.74613
-0.54542	2.74420
-0.54542	2.74677
-0.54542	2.74436
-0.54542	2.74162
-0.54542	2.73985
-0.54542	2.74403
-0.54542	2.74226
-0.54542	2.74677
-0.54542	2.74307
-0.54542	2.74677
-0.54542	2.74420
-0.54542	2.74871
-0.54542	2.74452
-0.54542	2.74371
-0.54542	2.74693
-0.54542	2.74371
-0.54542	2.74677
-0.54542	2.74661
-0.54542	2.74629
-0.54542	2.74645
-0.54542	2.74661
-0.54542	2.74629
-0.54542	2.74339
-0.54542	2.74500
-0.54542	2.74919
-0.54542	2.74339
-0.54542	2.74903
-0.54542	2.74693
-0.54542	2.74871
-0.54542	2.75225
-0.54542	2.74710
-0.54542	2.74275
-0.54542	2.75354
-0.54542	2.74887
-0.54542	2.74806
-0.54542	2.75241
-0.54542	2.75193
-0.54542	2.75193
-0.56723	2.67959
-0.58469	2.62223
-0.58469	2.61675
-0.58469	2.61450
-0.58469	2.61756
-0.58469	2.61450
-0.59341	2.58969
-0.59778	2.56681
-0.59778	2.56520
-0.59778	2.57003
-0.59778	2.56939
-0.59778	2.57325
-0.59778	2.57954
-0.59778	2.57374
-0.59778	2.57051
-0.59778	2.57245
-0.59778	2.57535
-0.59778	2.57535
-0.59778	2.57696
-0.59778	2.58018
-0.59778	2.57728
-0.59778	2.57615
-0.59778	2.57325
-0.59778	2.57309
-0.59778	2.57438
-0.59778	2.57035
-0.59778	2.57132
-0.59778	2.57100
-0.59778	2.57180
-0.59778	2.57213
-0.59778	2.57551
-0.59778	2.57293
-0.59778	2.57422
-0.59778	2.57551
-0.59778	2.57567
-0.59778	2.57825
-0.59778	2.57454
-0.59778	2.57229
-0.59778	2.57406
-0.59778	2.57486
-0.59778	2.57019
-0.59778	2.57229
-0.59778	2.57551
-0.59778	2.57245
-0.59778	2.57245
-0.59778	2.56987
-0.59778	2.57196
-0.59778	2.57358
-0.59778	2.57744
-0.59778	2.57857
-0.59778	2.57293
-0.59778	2.57261
-0.59778	2.57051
-0.59778	2.56600
-0.59778	2.56359
-0.59778	2.56552
-0.59778	2.56246
-0.59778	2.57358
-0.59778	2.56939
-0.59778	2.57648
-0.61959	2.50655
-0.63705	2.44855
-0.63705	2.43534
-0.63705	2.43486
-0.65014	2.40086
-0.66759	2.32014
-0.68068	2.28067
-0.68068	2.27229
-0.68068	2.27503
-0.68068	2.27729
-0.68068	2.27616
-0.68068	2.27036
-0.68068	2.27858
-0.68068	2.27552
-0.68068	2.27568
-0.68068	2.27068
-0.68068	2.27052
-0.68068	2.27101
-0.68068	2.27487
-0.68068	2.27777
-0.68068	2.27471
-0.68068	2.27664
-0.68068	2.27600
-0.68068	2.27568
-0.68068	2.27922
-0.68068	2.27874
-0.68068	2.27874
-0.68068	2.27777
-0.68068	2.27713
-0.68068	2.27342
-0.68068	2.27906
-0.68068	2.27648
-0.68068	2.27648
-0.68068	2.27294
-0.68068	2.27600
-0.68068	2.27616
-0.68068	2.27761
-0.68068	2.27487
-0.68068	2.27536
-0.68068	2.27890
-0.68068	2.27745
-0.68068	2.27632
-0.68068	2.27745
-0.68068	2.27519
-0.68068	2.27568
-0.68068	2.27165
-0.68068	2.27648
-0.68068	2.27487
-0.68068	2.27600
-0.68068	2.27536
-0.68068	2.27987
-0.68068	2.27793
-0.68068	2.27407
-0.68068	2.27971
-0.68068	2.27874
-0.68068	2.27842
-0.68068	2.28019
-0.68068	2.27568
-0.68068	2.27954
-0.68068	2.27536
-0.68068	2.27745
-0.69813	2.21816
-0.71122	2.15323
-0.71558	2.14050
-0.71558	2.13680
-0.71558	2.14389
-0.71558	2.14453
-0.71558	2.13954
-0.71558	2.14485
-0.71558	2.14469
-0.71558	2.13809
-0.71558	2.14308
-0.71558	2.14276
-0.71558	2.14469
-0.71558	2.13825
-0.71558	2.14373
-0.71558	2.14550
-0.71558	2.13921
-0.71558	2.14179
-0.71558	2.13776
-0.71558	2.13825
-0.71558	2.13776
-0.71558	2.13970
-0.71558	2.13938
-0.71558	2.13712
-0.71558	2.14228
-0.71558	2.13664
-0.71558	2.13986
-0.71558	2.14066
-0.71558	2.13776
-0.71558	2.13921
-0.71558	2.14324
-0.71558	2.14115
-0.71558	2.13744
-0.71558	2.14034
-0.71558	2.13825
-0.71558	2.13954
-0.71558	2.13825
-0.73740	2.06108
-0.75922	1.98132
-0.76358	1.97134
-0.76358	1.97407
-0.76358	1.97295
-0.76358	1.97069
-0.76358	1.96956
-0.76358	1.96844
-0.76358	1.96425
-0.76358	1.96618
-0.76358	1.96763
-0.76358	1.96344
-0.76358	1.96376
-0.76358	1.97101
-0.76358	1.96586
-0.76358	1.97005
-0.76358	1.97021
-0.76358	1.97005
-0.76358	1.96876
-0.76358	1.97085
-0.76358	1.97037
-0.76358	1.96908
-0.76358	1.96666
-0.76358	1.97214
-0.76358	1.96924
-0.76358	1.97134
-0.76358	1.97134
-0.76358	1.96602
-0.76358	1.96376
-0.76358	1.96731
-0.76358	1.96537
-0.76358	1.96844
-0.76358	1.96425
-0.76358	1.96699
-0.76358	1.96505
-0.76358	1.97021
-0.76358	1.96940
-0.76358	1.96344
-0.76358	1.97005
-0.76358	1.97101
-0.76358	1.97037
-0.76358	1.96570
-0.76358	1.97198
-0.76358	1.96844
-0.76358	1.98068
-0.76358	1.97262
-0.76358	1.97343
-0.76358	1.97117
-0.76358	1.97101
-0.76358	1.97053
-0.76358	1.97311
-0.76358	1.97101
-0.76358	1.97198
-0.76358	1.96827
-0.76358	1.96505
-0.76358	1.96537
-0.76794	1.95684
-0.77667	1.91768
-0.78103	1.89142
-0.78976	1.86983
-0.79412	1.83729
-0.79849	1.82972
-0.79849	1.82666
-0.79849	1.82521
-0.79849	1.82215
-0.79849	1.82585
-0.79849	1.82859
-0.79849	1.82392
-0.79849	1.82295
-0.79849	1.82311
-0.79849	1.82311
-0.79849	1.82746
-0.79849	1.82488
-0.79849	1.82488
-0.79849	1.82714
-0.79849	1.82859
-0.79849	1.82730
-0.79849	1.82923
-0.79849	1.82215
-0.79849	1.82811
-0.79849	1.83004
-0.79849	1.82682
-0.79849	1.82553
-0.79849	1.82279
-0.79849	1.82923
-0.79849	1.82714
-0.79849	1.82843
-0.79849	1.82972
-0.79849	1.83068
-0.79849	1.82859
-0.79849	1.82456
-0.79849	1.82859
-0.79849	1.83020
-0.79849	1.83020
-0.79849	1.83052
-0.79849	1.82811
-0.79849	1.83117
-0.79849	1.82827
-0.79849	1.82795
-0.79849	1.82698
-0.79849	1.82617
-0.79849	1.83068
-0.79849	1.83101
-0.79849	1.83326
-0.79849	1.83326
-0.82467	1.74900
-0.85085	1.63944
-0.85521	1.61753
-0.85521	1.61544
-0.85521	1.61592
-0.85521	1.61512
-0.85521	1.61270
-0.85521	1.61399
-0.85521	1.61528
-0.85521	1.61512
-0.85521	1.61785
-0.85521	1.61286
-0.85521	1.61560
-0.85521	1.61286
-0.85521	1.61947
-0.85521	1.62059
-0.85521	1.61576
-0.85521	1.61640
-0.85521	1.61721
-0.85521	1.61657
-0.85521	1.61866
-0.85521	1.62172
-0.85521	1.61914
-0.85521	1.61882
-0.85521	1.62140
-0.85521	1.61689
-0.85521	1.62188
-0.85521	1.62108
-0.85521	1.61705
-0.85521	1.61705
-0.85521	1.62059
-0.85521	1.62204
-0.85521	1.62124
-0.85521	1.61979
-0.85521	1.61866
-0.85521	1.61528
-0.85521	1.61383
-0.85521	1.62075
-0.85521	1.62253
-0.85521	1.62365
-0.85521	1.61914
-0.85521	1.62059
-0.85521	1.62011
-0.85521	1.62011
-0.85521	1.62075
-0.85521	1.61802
-0.85521	1.61640
-0.85521	1.62285
-0.85521	1.61914
-0.85521	1.61769
-0.85521	1.62188
-0.85521	1.62172
-0.85521	1.62237
-0.85521	1.61737
-0.85521	1.61689
-0.85521	1.61914
-0.85521	1.61979
-0.85521	1.61914
-0.85521	1.61914
-0.85521	1.61818
-0.85521	1.62027
-0.85521	1.61995
-0.85521	1.61947
-0.85521	1.62027
-0.85521	1.61399
-0.85521	1.62092
-0.85521	1.61640
-0.85521	1.61608
-0.85521	1.61850
-0.85521	1.61947
-0.85521	1.61528
-0.85521	1.62220
-0.85521	1.61576
-0.85521	1.61624
-0.85521	1.61399
-0.85521	1.62059
-0.85521	1.61866
-0.85521	1.62059
-0.85521	1.61415
-0.85521	1.61769
-0.85521	1.62140
-0.85521	1.61624
-0.85521	1.61850
-0.85521	1.61753
-0.85521	1.61947
-0.85521	1.61479
-0.85521	1.61898
-0.85521	1.62059
-0.85521	1.61737
-0.85521	1.62043
-0.85521	1.62075
-0.85521	1.62365
-0.85521	1.62462
-0.85521	1.61963
-0.85521	1.61705
-0.85521	1.61866
-0.85521	1.61898
-0.85521	1.61882
-0.85521	1.61785
-0.85521	1.61995
-0.85521	1.62172
-0.85521	1.62140
-0.85521	1.62156
-0.85521	1.61576
-0.85521	1.61802
-0.85521	1.61544
-0.85521	1.62011
-0.85521	1.61882
-0.85521	1.62108
-0.85521	1.61930
-0.85521	1.62043
-0.85521	1.61721
-0.85521	1.62124
-0.85521	1.61737
-0.85521	1.61640
-0.85521	1.62462
-0.85521	1.62172
-0.85521	1.62108
-0.85521	1.62253
-0.85521	1.61947
-0.85521	1.62253
-0.85521	1.61785
-0.85521	1.62043
-0.85521	1.61947
-0.85521	1.62124
-0.85521	1.62285
-0.85521	1.62317
-0.85521	1.61785
-0.85521	1.61673
-0.85521	1.61882
-0.85521	1.62092
-0.85521	1.62108
-0.85521	1.61930
-0.85521	1.61721
-0.85521	1.62285
-0.85521	1.62140
-0.85521	1.62156
-0.85521	1.62301
-0.85521	1.62108
-0.85521	1.62204
-0.85521	1.61512
-0.85521	1.62059
-0.85521	1.61415
-0.85521	1.62027
-0.85521	1.62124
-0.85521	1.61898
-0.85521	1.62398
-0.85521	1.62365
-0.85521	1.61882
-0.85521	1.61721
-0.85521	1.61785
-0.85521	1.62269
-0.85521	1.61898
-0.85521	1.61898
-0.86394	1.59820
-0.88139	1.52650
-0.89012	1.48091
-0.89448	1.46931
-0.90321	1.43612
-0.90757	1.43000
-0.90757	1.42404
-0.90757	1.42597
-0.90757	1.42549
-0.90757	1.42484
-0.90757	1.43032
-0.90757	1.42194
-0.90757	1.42484
-0.90757	1.42388
-0.90757	1.42210
-0.90757	1.42452
-0.90757	1.42871
-0.90757	1.43032
-0.90757	1.42968
-0.90757	1.42339
-0.90757	1.42726
-0.90757	1.42259
-0.90757	1.42758
-0.90757	1.42629
-0.90757	1.43032
-0.90757	1.42694
-0.90757	1.42774
-0.90757	1.42629
-0.90757	1.42710
-0.90757	1.43145
-0.90757	1.42919
-0.90757	1.43145
-0.90757	1.43177
-0.90757	1.42694
-0.90757	1.42710
-0.90757	1.42774
-0.90757	1.43258
-0.90757	1.42903
-0.90757	1.42516
-0.90757	1.42516
-0.90757	1.42919
-0.90757	1.42806
-0.90757	1.42790
-0.90757	1.42903
-0.90757	1.43370
-0.90757	1.41695
-0.90757	1.42774
-0.90757	1.42903
-0.90757	1.42790
-0.90757	1.42420
-0.90757	1.42678
-0.90757	1.42887
-0.90757	1.42790
-0.90757	1.42710
-0.90757	1.42839
-0.90757	1.42823
-0.90757	1.42468
-0.90757	1.42903
-0.90757	1.42984
-0.90757	1.42903
-0.90757	1.42903
-0.90757	1.42951
-0.90757	1.42855
-0.90757	1.42984
-0.90757	1.43032
-0.90757	1.43129
-0.91630	1.39697
-0.92502	1.36974
-0.92502	1.36587
-0.92502	1.36781
-0.92502	1.37006
-0.93375	1.33317
-0.95120	1.27211
-0.96866	1.20251
-0.97738	1.16819
-0.98175	1.16320
-0.98175	1.16481
-0.98175	1.16626
-0.98175	1.16191
-0.98175	1.16062
-0.98175	1.16513
-0.98175	1.16545
-0.98175	1.16529
-0.98175	1.16690
-0.98175	1.16046
-0.98175	1.16416
-0.98175	1.16223
-0.98175	1.16465
-0.98175	1.16497
-0.98175	1.16303
-0.98175	1.16674
-0.98175	1.16529
-0.98175	1.16255
-0.98175	1.16787
-0.98175	1.16529
-0.98175	1.16819
-0.98175	1.16110
-0.98175	1.16690
-0.98175	1.16352
-0.98175	1.16642
-0.98175	1.16755
-0.98175	1.16771
-0.98175	1.16610
-0.98175	1.16771
-0.98175	1.15981
-0.98175	1.16658
-0.98175	1.16658
-0.98175	1.16561
-0.98175	1.16497
-0.98175	1.16755
-0.98175	1.16497
-0.98175	1.16674
-0.98175	1.16352
-0.98175	1.16416
-0.98175	1.16771
-0.98175	1.16545
-0.98175	1.16481
-0.98175	1.16287
-0.98175	1.16078
-0.98175	1.16013
-0.98175	1.16593
-0.98175	1.16835
-0.98175	1.17157
-0.98175	1.16690
-0.98175	1.16916
-0.98175	1.16964
-0.98175	1.16642
-0.98175	1.16642
-0.98175	1.16577
-0.98175	1.16529
-0.98175	1.16787
-0.98175	1.16577
-0.98175	1.16835
-0.98175	1.16513
-0.98175	1.16690
-0.98175	1.16497
-0.98175	1.16916
-0.98175	1.16175
-0.98175	1.16497
-0.98175	1.16497
-0.98175	1.16287
-0.98175	1.16384
-0.98175	1.16561
-0.98175	1.16787
-0.98175	1.16642
-0.98175	1.16416
-0.98175	1.16513
-0.98175	1.16593
-0.98175	1.16110
-0.98175	1.16078
-0.98175	1.16513
-0.98175	1.16336
-0.98175	1.16481
-0.98175	1.16513
-0.98175	1.16287
-1.00793	1.07861
-1.02538	1.00708
-1.04283	0.95536
-1.04720	0.93877
-1.04720	0.94118
-1.04720	0.94569
-1.04720	0.94441
-1.04720	0.94118
-1.04720	0.94038
-1.04720	0.93957
-1.04720	0.94167
-1.04720	0.94296
-1.04720	0.94650
-1.04720	0.94698
-1.04720	0.94634
-1.04720	0.94328
-1.04720	0.93909
-1.04720	0.93989
-1.04720	0.94569
-1.04720	0.94231
-1.04720	0.94247
-1.04720	0.94521
-1.04720	0.94489
-1.04720	0.94553
-1.04720	0.94537
-1.04720	0.93941
-1.04720	0.94118
-1.04720	0.94489
-1.04720	0.94006
-1.04720	0.94489
-1.04720	0.94441
-1.04720	0.94151
-1.04720	0.93844
-1.04720	0.94553
-1.04720	0.93941
-1.04720	0.94441
-1.04720	0.94360
-1.04720	0.94360
-1.04720	0.93941
-1.04720	0.94263
-1.04720	0.94586
-1.04720	0.93893
-1.04720	0.94424
-1.04720	0.94489
-1.04720	0.93973
-1.04720	0.94086
-1.04720	0.94424
-1.04720	0.94215
-1.04720	0.94102
-1.04720	0.93941
-1.04720	0.94296
-1.04720	0.94279
-1.04720	0.93957
-1.04720	0.93893
-1.04720	0.94070
-1.04720	0.94038
-1.04720	0.94312
-1.04720	0.94408
-1.06465	0.87948
-1.07774	0.83292
-1.07774	0.83453
-1.07774	0.83404
-1.07774	0.83179
-1.07774	0.83308
-1.07774	0.83227
-1.07774	0.83050
-1.07774	0.83404
-1.07774	0.83340
-1.07774	0.82647
-1.07774	0.82824
-1.07774	0.82937
-1.07774	0.83050
-1.07774	0.83437
-1.07774	0.83308
-1.07774	0.82873
-1.07774	0.83034
-1.07774	0.83565
-1.07774	0.83372
-1.07774	0.83340
-1.07774	0.83050
-1.07774	0.83340
-1.07774	0.83533
-1.07774	0.83614
-1.07774	0.83388
-1.07774	0.83195
-1.07774	0.83195
-1.07774	0.83130
-1.07774	0.82840
-1.07774	0.82776
-1.07774	0.83324
-1.07774	0.83195
-1.07774	0.82824
-1.07774	0.82840
-1.07774	0.82679
-1.07774	0.83324
-1.07774	0.83211
-1.07774	0.82857
-1.07774	0.83920
-1.07774	0.82599
-1.07774	0.83420
-1.07774	0.83275
-1.07774	0.83114
-1.07774	0.83034
-1.07774	0.83356
-1.07774	0.83372
-1.07774	0.83292
-1.07774	0.83292
-1.07774	0.83034
-1.07774	0.83066
-1.07774	0.83147
-1.07774	0.83372
-1.07774	0.83259
-1.07774	0.83243
-1.07774	0.83308
-1.07774	0.83372
-1.07774	0.83517
-1.07774	0.83453
-1.07774	0.83710
-1.07774	0.83034
-1.07774	0.83098
-1.07774	0.82840
-1.07774	0.82615
-1.07774	0.82873
-1.07774	0.83630
-1.07774	0.83002
-1.07774	0.83066
-1.07774	0.83549
-1.07774	0.83469
-1.07774	0.83565
-1.07774	0.83469
-1.07774	0.83114
-1.07774	0.83259
-1.07774	0.83308
-1.07774	0.83404
-1.07774	0.83308
-1.07774	0.83420
-1.07774	0.82840
-1.07774	0.83388
-1.07774	0.83292
-1.07774	0.83308
-1.07774	0.83485
-1.07774	0.83292
-1.07774	0.82937
-1.07774	0.84017
-1.07774	0.83308
-1.07774	0.83324
-1.07774	0.83082
-1.07774	0.83388
-1.07774	0.83420
-1.07774	0.83388
-1.07774	0.83420
-1.07774	0.83002
-1.07774	0.82905
-1.07774	0.83485
-1.07774	0.83565
-1.07774	0.82905
-1.07774	0.82921
-1.07774	0.83533
-1.07774	0.83018
-1.07774	0.82953
-1.07774	0.83130
-1.07774	0.83437
-1.07774	0.83501
-1.07774	0.83501
-1.07774	0.83485
-1.09519	0.78652
-1.10828	0.74334
-1.11265	0.72739
-1.11265	0.72707
-1.12574	0.68840
-1.13446	0.66278
-1.13446	0.66310
-1.13446	0.66262
-1.13446	0.66536
-1.13446	0.66230
-1.13446	0.66214
-1.13446	0.66745
-1.13446	0.66407
-1.13446	0.66584
-1.13446	0.66617
-1.13446	0.66488
-1.13446	0.66359
-1.13446	0.67293
-1.13446	0.66149
-1.13446	0.66117
-1.13446	0.66375
-1.13446	0.66633
-1.13446	0.66439
-1.13446	0.66778
-1.13446	0.66246
-1.13446	0.66391
-1.13446	0.66004
-1.13446	0.66407
-1.13446	0.66230
-1.13446	0.66165
-1.13446	0.66246
-1.13446	0.66327
-1.13446	0.66423
-1.13446	0.66536
-1.13446	0.66520
-1.13446	0.66407
-1.13446	0.66439
-1.13446	0.66536
-1.13446	0.66375
-1.13446	0.65956
-1.13446	0.66633
-1.13446	0.67374
-1.13446	0.66149
-1.13446	0.66472
-1.13446	0.66310
-1.13446	0.66020
-1.13446	0.66472
-1.13446	0.66198
-1.13446	0.66230
-1.13446	0.66600
-1.13446	0.66649
-1.13446	0.66310
-1.13446	0.65972
-1.13446	0.66697
-1.13446	0.66455
-1.13446	0.65940
-1.13446	0.66391
-1.13446	0.66600
-1.13446	0.66778
-1.13446	0.66053
-1.13446	0.66568
-1.13446	0.66568
-1.13446	0.65956
-1.13446	0.66375
-1.13446	0.66568
-1.13446	0.65843
-1.13446	0.66085
-1.13446	0.65972
-1.13446	0.65924
-1.13446	0.66488
-1.13446	0.66665
-1.13446	0.66633
-1.13446	0.66391
-1.13446	0.66633
-1.13446	0.66617
-1.13446	0.66278
-1.13446	0.66633
-1.13446	0.66310
-1.13446	0.66037
-1.13446	0.66310
-1.13446	0.66149
-1.13446	0.66633
-1.13446	0.66552
-1.13446	0.66359
-1.13446	0.66681
-1.13446	0.66488
-1.13446	0.66600
-1.13446	0.66633
-1.13446	0.66117
-1.13446	0.66391
-1.13446	0.66407
-1.13446	0.66198
-1.13446	0.66085
-1.13446	0.66681
-1.13446	0.66729
-1.13446	0.66488
-1.13446	0.66133
-1.13446	0.66729
-1.13446	0.66359
-1.13446	0.66262
-1.13446	0.66472
-1.13446	0.66633
-1.13446	0.66504
-1.13446	0.66778
-1.13446	0.66665
-1.13446	0.66552
-1.13446	0.66149
-1.13446	0.66810
-1.13446	0.66536
-1.13446	0.66020
-1.16064	0.59624
-1.16937	0.57127
-1.16937	0.57320
-1.16937	0.57063
-1.18246	0.53679
-1.19555	0.49877
-1.19991	0.48910
-1.19991	0.48475
-1.19991	0.48798
-1.19991	0.48991
-1.19991	0.48572
-1.19991	0.48798
-1.19991	0.48975
-1.19991	0.48781
-1.19991	0.48959
-1.19991	0.48717
-1.19991	0.48959
-1.19991	0.48926
-1.19991	0.48701
-1.19991	0.48508
-1.19991	0.48121
-1.19991	0.49088
-1.19991	0.49055
-1.19991	0.48814
-1.19991	0.49039
-1.19991	0.48991
-1.19991	0.49120
-1.19991	0.48443
-1.19991	0.48524
-1.19991	0.48524
-1.19991	0.48975
-1.19991	0.48975
-1.19991	0.49071
-1.19991	0.49088
-1.19991	0.49088
-1.19991	0.49168
-1.19991	0.48862
-1.19991	0.48491
-1.19991	0.48669
-1.19991	0.48604
-1.19991	0.49023
-1.19991	0.48524
-1.19991	0.48926
-1.19991	0.48894
-1.19991	0.48266
-1.19991	0.48669
-1.19991	0.49071
-1.19991	0.48765
-1.19991	0.48975
-1.19991	0.49007
-1.19991	0.49023
-1.19991	0.49039
-1.19991	0.49007
-1.19991	0.48894
-1.19991	0.48669
-1.19991	0.48669
-1.19991	0.48991
-1.19991	0.48894
-1.19991	0.49088
-1.19991	0.49168
-1.19991	0.49104
-1.19991	0.49136
-1.19991	0.48798
-1.19991	0.49055
-1.19991	0.48943
-1.19991	0.49136
-1.19991	0.48846
-1.19991	0.48717
-1.19991	0.48878
-1.19991	0.48894
-1.19991	0.48926
-1.19991	0.48910
-1.19991	0.48814
-1.19991	0.48910
-1.19991	0.48604
-1.19991	0.48556
-1.19991	0.49023
-1.19991	0.48959
-1.19991	0.49039
-1.19991	0.48846
-1.19991	0.48991
-1.19991	0.48765
-1.19991	0.48975
-1.19991	0.48975
-1.19991	0.48524
-1.19991	0.49023
-1.19991	0.48379
-1.19991	0.49104
-1.19991	0.48733
-1.19991	0.48443
-1.19991	0.48798
-1.19991	0.48749
-1.22173	0.43868
-1.24791	0.36601
-1.25664	0.34861
-1.25664	0.34861
-1.25664	0.34539
-1.25664	0.35055
-1.25664	0.34781
-1.25664	0.34894
-1.25664	0.34958
-1.25664	0.35039
-1.25664	0.35167
-1.25664	0.35039
-1.25664	0.35055
-1.25664	0.34475
-1.25664	0.34845
-1.25664	0.34362
-1.25664	0.35103
-1.25664	0.34942
-1.25664	0.34829
-1.25664	0.34926
-1.25664	0.34958
-1.25664	0.34974
-1.25664	0.35071
-1.25664	0.35184
-1.25664	0.34942
-1.25664	0.34958
-1.25664	0.35006
-1.25664	0.34974
-1.25664	0.35006
-1.25664	0.35006
-1.25664	0.35925
-1.25664	0.35022
-1.25664	0.34459
-1.25664	0.34877
-1.25664	0.34652
-1.25664	0.34765
-1.25664	0.34636
-1.25664	0.34894
-1.25664	0.34877
-1.25664	0.35087
-1.25664	0.34926
-1.25664	0.34732
-1.25664	0.34587
-1.25664	0.34394
-1.25664	0.34523
-1.25664	0.34958
-1.25664	0.34942
-1.25664	0.34716
-1.25664	0.34845
-1.25664	0.34958
-1.25664	0.35860
-1.25664	0.35055
-1.25664	0.34507
-1.25664	0.34926
-1.25664	0.35184
-1.25664	0.34845
-1.25664	0.35167
-1.25664	0.35039
-1.25664	0.34700
-1.25664	0.34942
-1.25664	0.34700
-1.25664	0.34861
-1.25664	0.34571
-1.25664	0.34620
-1.25664	0.34426
-1.25664	0.35232
-1.25664	0.34877
-1.25664	0.34845
-1.25664	0.34636
-1.25664	0.34861
-1.25664	0.34942
-1.25664	0.34845
-1.25664	0.34604
-1.25664	0.34555
-1.25664	0.34894
-1.25664	0.35022
-1.25664	0.34990
-1.25664	0.34314
-1.25664	0.35248
-1.25664	0.34604
-1.25664	0.35006
-1.25664	0.35055
-1.25664	0.34877
-1.25664	0.34813
-1.25664	0.34442
-1.25664	0.35167
-1.25664	0.34587
-1.25664	0.34974
-1.25664	0.34958
-1.27409	0.31204
-1.29154	0.28191
-1.29591	0.27386
-1.30027	0.26161
-1.30900	0.24051
-1.31336	0.23922
-1.31336	0.23857
-1.31336	0.23761
-1.31336	0.23616
-1.31336	0.23358
-1.31336	0.23761
-1.31336	0.23841
-1.31336	0.23696
-1.31336	0.23132
-1.31336	0.23841
-1.31336	0.23874
-1.31336	0.23680
-1.31336	0.23729
-1.31336	0.23712
-1.31336	0.23745
-1.31336	0.23632
-1.31336	0.23745
-1.31336	0.23809
-1.31336	0.23922
-1.31336	0.23938
-1.31336	0.24035
-1.31336	0.23745
-1.31336	0.23567
-1.31336	0.23938
-1.31336	0.23954
-1.31336	0.23874
-1.31336	0.23712
-1.31336	0.23890
-1.31336	0.23761
-1.31336	0.23664
-1.31336	0.23890
-1.31336	0.23809
-1.31336	0.23857
-1.31336	0.23922
-1.31336	0.23664
-1.31336	0.23680
-1.31336	0.23632
-1.31336	0.23777
-1.31336	0.23761
-1.31336	0.23229
-1.31336	0.23922
-1.31336	0.23600
-1.31336	0.23342
-1.31336	0.23906
-1.31336	0.23712
-1.31336	0.23422
-1.31336	0.23132
-1.31336	0.23777
-1.31336	0.23745
-1.31336	0.24019
-1.31336	0.23745
-1.31336	0.23519
-1.31336	0.23487
-1.31336	0.23584
-1.31336	0.23890
-1.31336	0.23890
-1.31336	0.23616
-1.31336	0.23487
-1.31336	0.23261
-1.31336	0.23777
-1.31336	0.24002
-1.31336	0.23374
-1.31336	0.23696
-1.31336	0.23390
-1.34390	0.18718
-1.36136	0.15061
-1.37008	0.13901
-1.38317	0.12290
-1.38754	0.11661
-1.38754	0.11903
-1.38754	0.11371
-1.38754	0.11774
-1.38754	0.11500
-1.38754	0.11790
-1.38754	0.11597
-1.38754	0.11484
-1.38754	0.11838
-1.38754	0.11758
-1.38754	0.11613
-1.38754	0.11693
-1.38754	0.11162
-1.38754	0.11581
-1.38754	0.11275
-1.38754	0.12161
-1.38754	0.11661
-1.38754	0.11790
-1.38754	0.11532
-1.38754	0.11822
-1.38754	0.11371
-1.38754	0.11403
-1.38754	0.11081
-1.38754	0.11726
-1.38754	0.11452
-1.38754	0.11468
-1.38754	0.11548
-1.38754	0.11178
-1.38754	0.11710
-1.38754	0.11468
-1.38754	0.11033
-1.38754	0.11307
-1.38754	0.11855
-1.38754	0.11355
-1.38754	0.11468
-1.38754	0.11210
-1.38754	0.10727
-1.38754	0.11548
-1.38754	0.11645
-1.38754	0.11532
-1.38754	0.12499
-1.38754	0.11742
-1.38754	0.11484
-1.38754	0.11500
-1.38754	0.11468
-1.38754	0.11645
-1.38754	0.11903
-1.38754	0.11742
-1.38754	0.11855
-1.38754	0.11581
-1.38754	0.11113
-1.38754	0.11500
-1.38754	0.11420
-1.38754	0.11436
-1.41372	0.08278
-1.43553	0.06312
-1.44426	0.05201
-1.45299	0.04315
-1.45299	0.04379
-1.45299	0.04105
-1.45299	0.03799
-1.45299	0.03670
-1.45299	0.04347
-1.45299	0.03670
-1.45299	0.04041
-1.45299	0.04250
-1.45299	0.04105
-1.45299	0.04137
-1.45299	0.04008
-1.45299	0.04315
-1.45299	0.04153
-1.45299	0.04153
-1.45299	0.03783
-1.45299	0.03735
-1.45299	0.04137
-1.45299	0.04089
-1.45299	0.03912
-1.45299	0.03944
-1.45299	0.04282
-1.45299	0.03783
-1.45299	0.04041
-1.45299	0.04266
-1.45299	0.04186
-1.45299	0.04202
-1.45299	0.04427
-1.45299	0.03863
-1.45299	0.04250
-1.45299	0.04218
-1.45299	0.04186
-1.45299	0.04073
-1.45299	0.04282
-1.45299	0.04025
-1.45299	0.04379
-1.45299	0.04153
-1.45299	0.03960
-1.45299	0.04121
-1.45299	0.03863
-1.45299	0.03735
-1.45299	0.04008
-1.45299	0.03880
-1.45299	0.03831
-1.45299	0.04282
-1.45299	0.03880
-1.45299	0.03880
-1.45299	0.04073
-1.45299	0.04250
-1.45299	0.04282
-1.45299	0.04089
-1.45299	0.04186
-1.45299	0.03638
-1.45299	0.04025
-1.45299	0.03735
-1.46608	0.03622
-1.49662	0.00657
-1.51407	-0.00084
-1.51844	-0.00180
-1.53153	-0.00277
-1.54025	-0.00615
-1.54025	-0.00615
-1.54025	-0.00454
-1.54025	-0.00277
-1.54025	-0.00293
-1.54025	-0.00760
-1.54025	-0.00664
-1.54025	-0.00309
-1.54025	-0.01034
-1.54025	-0.00760
-1.54025	-0.00406
-1.54025	-0.00422
-1.54025	-0.00793
-1.54025	-0.00615
-1.54025	-0.00841
-1.54025	-0.00583
-1.54025	-0.00857
-1.54025	-0.00648
-1.54025	-0.00454
-1.54025	-0.00535
-1.54025	-0.00358
-1.54025	-0.00583
-1.54025	-0.01856
-1.54025	-0.00325
-1.54025	-0.00954
-1.54025	-0.00857
-1.54025	-0.00470
-1.54025	-0.00454
-1.54025	-0.00487
-1.54025	-0.00744
-1.54025	-0.00922
-1.54025	-0.00454
-1.54025	-0.00503
-1.54025	-0.00664
-1.54025	-0.00535
-1.54025	-0.00438
-1.54025	-0.00938
-1.54025	-0.00712
-1.54025	-0.00277
-1.54025	-0.00390
-1.54025	-0.00277
-1.54025	-0.00535
-1.54025	-0.01050
-1.54025	-0.00632
-1.54025	-0.00696
-1.54025	-0.00438
-1.54025	-0.00390
-1.54025	-0.01437
-1.54025	-0.01179
-1.54025	-0.00857
-1.54025	-0.00406
-1.54025	-0.00712
-1.54025	-0.00615
-1.54025	-0.00648
-1.54025	-0.00454
-1.54025	-0.00632
-1.54025	-0.01083
-1.54025	-0.00680
-1.54025	-0.00406
-1.54025	-0.01050
-1.54025	-0.00535
-1.54025	-0.00325
-1.54025	-0.00583
-1.54025	-0.00986
-1.54025	-0.00760
-1.54025	-0.00503
-1.54025	-0.00438
-1.54025	-0.00760
-1.54025	-0.00503
-1.54025	-0.00567
-1.54025	-0.00922
-1.54025	-0.00519
-1.54025	-0.00406
-1.57080	-0.01405
-1.59261	-0.00760
-1.60134	-0.00470
-1.60570	-0.00342
-1.60570	-0.01002
-1.60570	-0.00615
-1.60570	-0.00777
-1.60570	-0.00583
-1.60570	-0.00632
-1.60570	-0.00696
-1.60570	-0.00487
-1.60570	-0.00986
-1.60570	-0.00519
-1.60570	-0.00551
-1.60570	-0.00922
-1.60570	-0.00777
-1.60570	-0.00905
-1.60570	-0.00986
-1.60570	-0.00728
-1.60570	-0.00889
-1.60570	-0.00632
-1.60570	-0.00744
-1.60570	-0.00358
-1.60570	-0.00696
-1.60570	-0.00841
-1.60570	-0.00777
-1.60570	-0.00454
-1.60570	-0.00696
-1.60570	-0.00680
-1.60570	-0.00551
-1.60570	-0.00390
-1.60570	-0.00809
-1.60570	-0.00487
-1.60570	-0.00583
-1.60570	-0.00390
-1.60570	-0.00599
-1.60570	-0.01034
-1.60570	-0.00229
-1.60570	-0.00567
-1.60570	-0.00632
-1.60570	-0.00390
-1.60570	-0.00374
-1.60570	-0.00632
-1.60570	-0.00583
-1.60570	-0.00615
-1.60570	-0.00648
-1.60570	-0.00551
-1.60570	-0.00325
-1.60570	-0.00519
-1.60570	-0.00777
-1.60570	-0.00325
-1.60570	-0.00841
-1.60570	-0.00567
-1.60570	-0.00358
-1.60570	-0.01050
-1.60570	-0.00261
-1.60570	-0.00680
-1.60570	-0.00648
-1.60570	-0.00358
-1.60570	-0.00632
-1.60570	-0.00841
-1.60570	-0.00793
-1.60570	-0.00970
-1.60570	-0.00519
-1.60570	-0.01002
-1.61879	-0.00567
-1.64497	0.00625
-1.66679	0.02510
-1.66679	0.02687
-1.66679	0.02494
-1.66679	0.02752
-1.66679	0.02671
-1.66679	0.02736
-1.66679	0.02784
-1.66679	0.02784
-1.66679	0.02639
-1.66679	0.02687
-1.66679	0.02687
-1.66679	0.02768
-1.66679	0.02349
-1.66679	0.02784
-1.66679	0.02768
-1.66679	0.02188
-1.66679	0.02687
-1.66679	0.02349
-1.66679	0.02268
-1.66679	0.02301
-1.66679	0.02494
-1.66679	0.02220
-1.66679	0.02236
-1.66679	0.02317
-1.66679	0.02220
-1.66679	0.02800
-1.66679	0.02752
-1.66679	0.02800
-1.66679	0.02397
-1.66679	0.02526
-1.66679	0.02607
-1.66679	0.02188
-1.66679	0.02156
-1.66679	0.02140
-1.66679	0.02768
-1.66679	0.02381
-1.66679	0.02397
-1.66679	0.02687
-1.69297	0.04202
-1.71915	0.06973
-1.74097	0.09873
-1.75842	0.12064
-1.77151	0.14336
-1.77587	0.14738
-1.77587	0.14400
-1.77587	0.14158
-1.77587	0.14223
-1.77587	0.14706
-1.77587	0.15464
-1.77587	0.14287
-1.77587	0.14577
-1.77587	0.14529
-1.77587	0.14368
-1.77587	0.14706
-1.77587	0.14046
-1.77587	0.13901
-1.77587	0.14287
-1.77587	0.14771
-1.77587	0.14529
-1.77587	0.14013
-1.77587	0.14094
-1.77587	0.14078
-1.77587	0.14529
-1.77587	0.14432
-1.77587	0.14593
-1.77587	0.14577
-1.77587	0.14142
-1.77587	0.14416
-1.77587	0.14626
-1.77587	0.14400
-1.77587	0.14481
-1.77587	0.14577
-1.77587	0.14191
-1.77587	0.14851
-1.77587	0.14336
-1.77587	0.14561
-1.77587	0.14722
-1.77587	0.14787
-1.80205	0.18315
-1.81951	0.21924
-1.83696	0.25614
-1.85005	0.27579
-1.85878	0.29335
-1.87187	0.32106
-1.87623	0.33524
-1.87623	0.33701
-1.87623	0.33556
-1.87623	0.33331
-1.87623	0.33701
-1.87623	0.33862
-1.87623	0.33685
-1.87623	0.33492
-1.87623	0.33331
-1.87623	0.33395
-1.87623	0.33589
-1.87623	0.33605
-1.87623	0.33669
-1.87623	0.33363
-1.87623	0.33605
-1.87623	0.33556
-1.87623	0.33460
-1.87623	0.33009
-1.87623	0.32976
-1.87623	0.33089
-1.87623	0.33589
-1.87623	0.33476
-1.87623	0.33589
-1.87623	0.33363
-1.87623	0.33508
-1.87623	0.33266
-1.87623	0.33218
-1.87623	0.33299
-1.87623	0.33524
-1.87623	0.33621
-1.87623	0.33589
-1.87623	0.33621
-1.87623	0.32557
-1.87623	0.33154
-1.87623	0.33202
-1.87623	0.33444
-1.87623	0.33218
-1.87623	0.32992
-1.87623	0.33427
-1.87623	0.33395
-1.87623	0.33669
-1.87623	0.33186
-1.87623	0.33186
-1.87623	0.33669
-1.87623	0.33734
-1.87623	0.33427
-1.87623	0.33750
-1.87623	0.33315
-1.87623	0.33460
-1.87623	0.33621
-1.87623	0.33669
-1.87623	0.33427
-1.87623	0.33685
-1.89805	0.38776
-1.91550	0.41435
-1.92423	0.44029
-1.92859	0.45301
-1.92859	0.45704
-1.92859	0.45833
-1.92859	0.45785
-1.92859	0.45575
-1.92859	0.45398
-1.92859	0.45640
-1.92859	0.45817
-1.92859	0.45833
-1.92859	0.45688
-1.95041	0.50940
-1.96350	0.54807
-1.96350	0.54759
-1.96350	0.54356
-1.96350	0.54130
-1.96350	0.54549
-1.96350	0.54791
-1.96350	0.54726
-1.96350	0.54275
-1.96350	0.54259
-1.96350	0.54807
-1.96350	0.54388
-1.96350	0.54404
-1.96350	0.54130
-1.96350	0.54340
-1.96350	0.54372
-1.96350	0.53647
-1.96350	0.54388
-1.96350	0.54243
-1.96350	0.54001
-1.96350	0.54050
-1.96350	0.53905
-1.96350	0.54485
-1.96350	0.54066
-1.96350	0.54098
-1.96350	0.54324
-1.96350	0.54098
-1.96350	0.54485
-1.96350	0.54050
-1.96350	0.53856
-1.96350	0.54533
-1.96350	0.54420
-1.96350	0.54163
-1.96350	0.54436
-1.96350	0.54163
-1.96350	0.54195
-1.96350	0.54179
-1.96350	0.54243
-1.96350	0.53776
-1.96350	0.54436
-1.96350	0.54001
-1.96350	0.54259
-1.96350	0.54243
-1.96350	0.54001
-1.96350	0.53083
-1.96350	0.54340
-1.96350	0.53969
-1.96350	0.54485
-1.98095	0.58883
-2.00713	0.66649
-2.02022	0.70322
-2.02022	0.69533
-2.02022	0.70193
-2.02022	0.70258
-2.02022	0.70097
-2.02022	0.70193
-2.02022	0.70435
-2.02022	0.69952
-2.02022	0.69952
-2.02022	0.70483
-2.02022	0.69823
-2.02022	0.70338
-2.02022	0.69903
-2.02022	0.70097
-2.02022	0.70499
-2.02022	0.70370
-2.02022	0.70387
-2.02022	0.70290
-2.02022	0.70338
-2.02022	0.69887
-2.02022	0.70290
-2.02022	0.69758
-2.02022	0.70467
-2.02022	0.69984
-2.02022	0.70483
-2.02022	0.70387
-2.02022	0.69871
-2.02022	0.70322
-2.02022	0.70403
-2.02022	0.70258
-2.02022	0.70258
-2.02022	0.70258
-2.02022	0.70644
-2.02022	0.70499
-2.02022	0.70290
-2.02022	0.70193
-2.02022	0.70644
-2.02022	0.70515
-2.02022	0.70322
-2.02022	0.70644
-2.02022	0.70596
-2.02022	0.70693
-2.04640	0.78039
-2.06385	0.83275
-2.06822	0.85644
-2.06822	0.85467
-2.06822	0.85853
-2.06822	0.85757
-2.06822	0.85386
-2.06822	0.85451
-2.06822	0.85370
-2.06822	0.84999
-2.06822	0.85563
-2.06822	0.85660
-2.06822	0.85467
-2.06822	0.85225
-2.06822	0.85628
-2.06822	0.85418
-2.06822	0.85644
-2.06822	0.85499
-2.06822	0.85612
-2.06822	0.85161
-2.06822	0.85724
-2.06822	0.85209
-2.06822	0.85451
-2.06822	0.85724
-2.06822	0.85741
-2.06822	0.85676
-2.06822	0.85628
-2.06822	0.85144
-2.06822	0.85579
-2.06822	0.85579
-2.06822	0.85660
-2.06822	0.85241
-2.06822	0.85579
-2.06822	0.85886
-2.06822	0.85515
-2.06822	0.85596
-2.08567	0.89140
-2.10749	0.97518
-2.12930	1.04139
-2.12930	1.05477
-2.12930	1.05590
-2.12930	1.05622
-2.12930	1.05316
-2.12930	1.05702
-2.12930	1.05300
-2.12930	1.05106
-2.12930	1.05380
-2.12930	1.05638
-2.12930	1.05428
-2.12930	1.05106
-2.12930	1.05026
-2.12930	1.05525
-2.12930	1.05332
-2.12930	1.05541
-2.12930	1.05332
-2.12930	1.05042
-2.12930	1.04913
-2.12930	1.04816
-2.12930	1.05332
-2.12930	1.05026
-2.12930	1.04768
-2.12930	1.04800
-2.12930	1.05316
-2.12930	1.05300
-2.12930	1.04816
-2.12930	1.05364
-2.12930	1.05042
-2.12930	1.05477
-2.12930	1.05412
-2.12930	1.05300
-2.12930	1.04897
-2.12930	1.05203
-2.12930	1.05026
-2.12930	1.05138
-2.12930	1.05155
-2.12930	1.05638
-2.12930	1.04977
-2.12930	1.05010
-2.12930	1.05380
-2.12930	1.05525
-2.12930	1.05606
-2.12930	1.05831
-2.12930	1.05976
-2.12930	1.05831
-2.12930	1.05590
-2.12930	1.06153
-2.12930	1.05831
-2.12930	1.05670
-2.12930	1.06025
-2.12930	1.05509
-2.15984	1.14837
-2.16421	1.17560
-2.16421	1.17560
-2.16421	1.17318
-2.16421	1.17673
-2.16421	1.17641
-2.16421	1.17689
-2.18166	1.21862
-2.19911	1.30014
-2.20784	1.32205
-2.20784	1.31980
-2.20784	1.31931
-2.20784	1.31561
-2.20784	1.31899
-2.20784	1.31448
-2.20784	1.31529
-2.20784	1.31609
-2.20784	1.31738
-2.20784	1.31980
-2.20784	1.31593
-2.20784	1.30932
-2.20784	1.31512
-2.20784	1.31593
-2.20784	1.31480
-2.20784	1.31899
-2.20784	1.31786
-2.20784	1.31674
-2.20784	1.32237
-2.20784	1.31512
-2.20784	1.32028
-2.20784	1.32254
-2.20784	1.32511
-2.20784	1.32399
-2.20784	1.32866
-2.20784	1.32817
-2.20784	1.32656
-2.20784	1.33591
-2.20784	1.32640
-2.20784	1.33107
-2.20784	1.33559
-2.20784	1.34026
-2.20784	1.34203
-2.20784	1.33929
-2.20784	1.33945
-2.20784	1.33913
-2.20784	1.33881
-2.23838	1.43725
-2.25147	1.49138
-2.25147	1.50330
-2.26020	1.52570
-2.28638	1.62881
-2.31256	1.73482
-2.32129	1.76737
-2.32129	1.75722
-2.32129	1.76269
-2.32129	1.75979
-2.32129	1.76237
-2.32129	1.76157
-2.32129	1.75673
-2.32129	1.76028
-2.32129	1.75512
-2.32129	1.75706
-2.32129	1.74723
-2.32129	1.74562
-2.32129	1.74626
-2.32129	1.74868
-2.32129	1.75271
-2.32129	1.75254
-2.32129	1.75303
-2.32129	1.75996
-2.32129	1.75915
-2.32129	1.75512
-2.32129	1.76382
-2.32129	1.76044
-2.32129	1.75641
-2.32129	1.76253
-2.32129	1.75609
-2.32129	1.76124
-2.32129	1.76076
-2.32129	1.75996
-2.32129	1.76157
-2.32129	1.75561
-2.32129	1.76479
-2.32129	1.76141
-2.32129	1.76382
-2.32129	1.76672
-2.33001	1.77478
-2.35619	1.87789
-2.36492	1.92268
-2.36492	1.92220
-2.36492	1.92075
-2.36492	1.92574
-2.36492	1.92042
-2.36492	1.92719
-2.36492	1.92139
-2.36492	1.92510
-2.36492	1.92236
-2.36492	1.92252
-2.36492	1.92300
-2.36492	1.92010
-2.36492	1.91978
-2.36492	1.92381
-2.36492	1.92445
-2.36492	1.92493
-2.36492	1.92171
-2.36492	1.92348
-2.36492	1.92510
-2.36492	1.92590
-2.36492	1.92880
-2.36492	1.92526
-2.36492	1.92848
-2.36492	1.92783
-2.36492	1.92574
-2.36492	1.92912
-2.36492	1.92912
-2.36492	1.92880
-2.36492	1.93170
-2.36492	1.93476
-2.36492	1.93509
-2.36492	1.92751
-2.36492	1.93541
-2.36492	1.93041
-2.36492	1.93863
-2.36492	1.93863
-2.36492	1.93927
-2.36492	1.94540
-2.38674	2.01210
-2.41728	2.13213
-2.42164	2.17112
-2.42164	2.16886
-2.42164	2.16548
-2.42164	2.16225
-2.42164	2.16467
-2.42164	2.16725
-2.42164	2.16580
-2.42164	2.16499
-2.42164	2.16435
-2.42164	2.16709
-2.42164	2.15790
-2.42164	2.16193
-2.42164	2.16080
-2.42164	2.15452
-2.42164	2.15823
-2.42164	2.15694
-2.42164	2.15839
-2.42164	2.15694
-2.42164	2.15903
-2.42164	2.15227
-2.42164	2.16048
-2.42164	2.15468
-2.42164	2.15935
-2.42164	2.16225
-2.42164	2.16129
-2.42164	2.16209
-2.42164	2.16177
-2.44782	2.23202
-2.46964	2.30790
-2.46964	2.32111
-2.46964	2.32063
-2.48273	2.37589
-2.50891	2.47433
-2.52636	2.54184
-2.52636	2.53652
-2.52636	2.52959
-2.52636	2.53459
-2.52636	2.53185
-2.52636	2.53346
-2.52636	2.53298
-2.52636	2.53684
-2.52636	2.53410
-2.52636	2.53185
-2.52636	2.53072
-2.52636	2.52669
-2.52636	2.52589
-2.52636	2.52927
-2.52636	2.53604
-2.52636	2.53394
-2.52636	2.53475
-2.52636	2.53652
-2.52636	2.54055
-2.52636	2.54023
-2.52636	2.53410
-2.52636	2.53958
-2.52636	2.53990
-2.52636	2.53443
-2.52636	2.54216
-2.52636	2.53797
-2.52636	2.54796
-2.52636	2.54393
-2.52636	2.54796
-2.52636	2.54538
-2.52636	2.53942
-2.52636	2.53942
-2.52636	2.54087
-2.52636	2.54184
-2.52636	2.53990
-2.52636	2.53201
-2.52636	2.53362
-2.52636	2.53298
-2.52636	2.53443
-2.52636	2.53040
-2.54818	2.58018
-2.57436	2.66783
-2.58309	2.72212
-2.58745	2.71632
-2.58745	2.72035
-2.58745	2.72325
-2.58745	2.71858
-2.58745	2.72293
-2.58745	2.71874
-2.58745	2.72148
-2.58745	2.72067
-2.58745	2.72051
-2.58745	2.71922
-2.58745	2.72067
-2.58745	2.72712
-2.58745	2.72277
-2.58745	2.72712
-2.58745	2.72808
-2.58745	2.71809
-2.58745	2.72389
-2.58745	2.72486
-2.58745	2.72325
-2.58745	2.72712
-2.58745	2.72583
-2.58745	2.72792
-2.58745	2.72325
-2.58745	2.72792
-2.58745	2.72244
-2.58745	2.72873
-2.60927	2.79897
-2.63108	2.86648
-2.64417	2.91626
-2.64417	2.92287
-2.64417	2.92271
-2.64417	2.93383
-2.64417	2.93592
-2.64417	2.93995
-2.64417	2.94011
-2.64417	2.93753
-2.66163	2.97942
-2.68344	3.03758
-2.68781	3.07271
-2.68781	3.07351
-2.68781	3.07802
-2.68781	3.07416
-2.68781	3.06433
-2.68781	3.07110
-2.68781	3.06530
-2.68781	3.06610
-2.68781	3.06562
-2.68781	3.06385
-2.68781	3.06546
-2.68781	3.06240
-2.68781	3.06707
-2.68781	3.06513
-2.68781	3.07383
-2.68781	3.08253
-2.68781	3.08560
-2.68781	3.09220
-2.68781	3.08930
-2.68781	3.08785
-2.68781	3.08930
-2.68781	3.08850
-2.68781	3.09349
-2.69217	3.09317
-2.71399	3.16003
-2.73144	3.20917
-2.74889	3.25460
-2.75326	3.27732
-2.75326	3.27926
-2.75326	3.28006
-2.75326	3.27491
-2.75326	3.28103
-2.75326	3.27958
-2.75326	3.27813
-2.75326	3.27861
-2.75326	3.27958
-2.75326	3.27458
-2.75326	3.27781
-2.75326	3.27861
-2.75326	3.28425
-2.75326	3.28344
-2.75326	3.29263
-2.77071	3.32501
-2.78816	3.36787
-2.80562	3.41282
-2.81871	3.44553
-2.82307	3.46099
-2.82307	3.46164
-2.82307	3.46341
-2.83616	3.48468
-2.86234	3.54107
-2.87543	3.57023
-2.87543	3.56330
-2.87543	3.56217
-2.87543	3.55798
-2.87543	3.55202
-2.87543	3.55041
-2.87543	3.56024
-2.87543	3.56378
-2.87543	3.55943
-2.87543	3.56088
-2.87543	3.55814
-2.87543	3.56636
-2.87543	3.56040
-2.87543	3.56298
-2.87543	3.56314
-2.87543	3.56233
-2.87543	3.56137
-2.87543	3.56427
-2.87543	3.56846
-2.87543	3.56830
-2.87543	3.57168
-2.89288	3.59939
-2.90161	3.61421
-2.90161	3.61051
-2.90161	3.61115
-2.90161	3.61663
-2.90161	3.61889
-2.90161	3.61840
-2.90161	3.61695
-2.90161	3.61679
-2.90161	3.61760
-2.90161	3.61309
-2.90161	3.61260
-2.90161	3.61647
-2.90597	3.61212
-2.94524	3.68140
-2.97579	3.72458
-2.98888	3.75100
-2.98888	3.74987
-2.98888	3.74391
-2.98888	3.74311
-2.98888	3.74504
-2.98888	3.74874
-2.98888	3.74488
-2.98888	3.73940
-2.98888	3.74214
-2.98888	3.74133
-2.98888	3.74037
-2.98888	3.75245
-2.98888	3.75487
-2.98888	3.74971
-2.98888	3.74907
-2.98888	3.74246
-2.98888	3.74294
-2.98888	3.74294
-2.98888	3.74311
-2.98888	3.74198
-2.98888	3.74085
-2.98888	3.74697
-2.98888	3.75019
-2.98888	3.75471
-2.98888	3.75052
-2.98888	3.75358
-2.98888	3.75712
-2.98888	3.75761
-3.01942	3.78483
-3.04560	3.80900
-3.06305	3.81851
-3.07178	3.82286
-3.08051	3.82721
-3.08923	3.83365
-3.10232	3.84429
-3.11541	3.85025
-3.11541	3.85105
-3.11541	3.85137
-3.11541	3.85492
-3.11541	3.85363
-3.11541	3.85186
-3.11541	3.85540
-3.11541	3.85170
-3.11541	3.85234
-3.11541	3.84525
-3.11541	3.84976
-3.11541	3.84767
-3.11541	3.84751
-3.11541	3.84831
-3.11541	3.85137
-3.11541	3.85089
-3.11541	3.84719
-3.11541	3.84960
-3.11541	3.85170
-3.11541	3.85170
-3.11541	3.85282
-3.11541	3.85347
-3.11541	3.85444
-3.11541	3.85572
-3.11541	3.85331
-3.11541	3.85347
-3.11541	3.85299
-3.11541	3.84976
-3.11541	3.85379
-3.11541	3.85556
-3.11541	3.85621
-3.11978	3.85524
-3.15032	3.85556
