Chart Recorder Data File Thu, Mar 15, 2018 10:15 AM
CH1 (V)  	CH2 (V)  
-0.202998047	0.045898437
-0.515302734	0.044433594
-0.468457031	0.043457031
-0.530917969	0.041992187
-0.312304688	0.041503906
-0.374765625	0.040039062
-0.249843750	0.039062500
-0.140537109	0.038085937
-0.031230469	0.037109375
0.093691406	0.036621094
0.202998047	0.035644531
0.327919922	0.035156250
0.437226562	0.034179687
0.562148437	0.033691406
0.687070312	0.032714844
0.811992188	0.031738281
0.936914062	0.030761719
1.046220703	0.030273437
1.171142578	0.029296875
1.296064453	0.028808594
1.405371094	0.029296875
1.514677734	0.028320312
1.639599609	0.028320312
1.764521484	0.027832031
1.873828125	0.027832031
1.998750000	0.027343750
2.123671875	0.027343750
2.248593750	0.026367187
2.357900391	0.025878906
2.482822266	0.026367187
2.592128906	0.026367187
2.717050781	0.025390625
2.841972656	0.025390625
2.951279297	0.024902344
3.076201172	0.024902344
3.185507813	0.024414062
3.310429688	0.024902344
3.419736328	0.024414062
3.544658203	0.024414062
3.669580078	0.024414062
3.794501953	0.024414062
3.903808594	0.023925781
4.013115234	0.023437500
4.122421875	0.023925781
4.247343750	0.024414062
4.356650391	0.024414062
4.481572266	0.024902344
4.606494141	0.024414062
4.715800781	0.024902344
4.840722656	0.024902344
4.950029297	0.025878906
5.074951172	0.025390625
5.199873047	0.026367187
5.309179688	0.026855469
5.434101562	0.026855469
5.543408203	0.027343750
5.668330078	0.027832031
5.793251953	0.028808594
5.918173828	0.029296875
6.027480469	0.030273437
6.136787109	0.031250000
6.261708984	0.031738281
6.371015625	0.032226562
6.511552734	0.033203125
6.620859375	0.034179687
6.730166016	0.034667969
6.855087891	0.035156250
6.980009766	0.036132812
7.089316406	0.037109375
7.229853516	0.038085937
7.323544922	0.038085937
7.464082031	0.038574219
7.557773437	0.039062500
7.698310547	0.039550781
7.807617187	0.040527344
7.916923828	0.041015625
8.026230469	0.041503906
8.151152344	0.041503906
8.276074219	0.041992187
8.385380859	0.042480469
8.510302734	0.042968750
8.619609375	0.043457031
8.760146484	0.043457031
8.869453125	0.043945312
8.978759766	0.044433594
9.103681641	0.045410156
9.228603516	0.045410156
9.337910156	0.046386719
9.462832031	0.046875000
9.587753906	0.047363281
9.697060547	0.048339844
9.821982422	0.048828125
9.915673828	0.049804687
10.056210937	0.050781250
10.165517578	0.051757812
10.290439453	0.052246094
10.399746094	0.053710937
10.524667969	0.055175781
10.649589844	0.056640625
10.758896484	0.058105469
10.883818359	0.059570312
10.993125000	0.061035156
11.118046875	0.063476562
11.242968750	0.065429687
11.352275391	0.066406250
11.477197266	0.067871094
11.602119141	0.069335937
11.711425781	0.070800781
11.836347656	0.071777344
11.945654297	0.072753906
12.070576172	0.073730469
12.179882813	0.074218750
12.304804687	0.075195312
12.414111328	0.075683594
12.539033203	0.075683594
12.648339844	0.075683594
12.757646484	0.075683594
12.882568359	0.076171875
12.991875000	0.076171875
13.116796875	0.076171875
13.241718750	0.076171875
13.351025391	0.076171875
13.491562500	0.075683594
13.600869141	0.076171875
13.725791016	0.075683594
13.835097656	0.076171875
13.944404297	0.076660156
14.069326172	0.076660156
14.194248047	0.076660156
14.319169922	0.077148437
14.428476563	0.077636719
14.553398438	0.078125000
14.647089844	0.078613281
14.787626953	0.079589844
14.896933594	0.081054687
15.021855469	0.081542969
15.146777344	0.083007812
15.256083984	0.083984375
15.381005859	0.085937500
15.490312500	0.087402344
15.615234375	0.089843750
15.740156250	0.091308594
15.865078125	0.093750000
15.958769531	0.096191406
16.068076172	0.098632812
16.192998047	0.101074219
16.317919922	0.103027344
16.427226562	0.105468750
16.552148438	0.107421875
16.661455078	0.109375000
16.786376953	0.110351562
16.895683594	0.111328125
17.020605469	0.111816406
17.145527344	0.112304687
17.254833984	0.112792969
17.379755859	0.112304687
17.489062500	0.111816406
17.613984375	0.111328125
17.738906250	0.111328125
17.863828125	0.110351562
17.973134766	0.110351562
18.082441406	0.108886719
18.207363281	0.107910156
18.332285156	0.107421875
18.441591797	0.106445312
18.566513672	0.105957031
18.691435547	0.104980469
18.800742187	0.104492187
18.910048828	0.104492187
19.050585937	0.103515625
19.159892578	0.103515625
19.284814453	0.104003906
19.409736328	0.104003906
19.519042969	0.104003906
19.643964844	0.104492187
19.753271484	0.104980469
19.862578125	0.105468750
19.971884766	0.106933594
20.081191406	0.107910156
20.221728516	0.109375000
20.331035156	0.111328125
20.455957031	0.113281250
20.565263672	0.114746094
20.690185547	0.117675781
20.799492188	0.120117187
20.924414062	0.122558594
21.033720703	0.125488281
21.158642578	0.128417969
21.283564453	0.130859375
21.392871094	0.133789062
21.517792969	0.136230469
21.627099609	0.138183594
21.752021484	0.140625000
21.861328125	0.142089844
21.986250000	0.143066406
22.111171875	0.144042969
22.236093750	0.144042969
22.345400391	0.144531250
22.470322266	0.143554687
22.595244141	0.143066406
22.704550781	0.142089844
22.829472656	0.141113281
22.938779297	0.140136719
23.063701172	0.138671875
23.188623047	0.137207031
23.297929687	0.135742187
23.422851562	0.134277344
23.532158203	0.133300781
23.657080078	0.131347656
23.782001953	0.130371094
23.875693359	0.129394531
23.985000000	0.128417969
24.094306641	0.127929687
24.234843750	0.127441406
24.344150391	0.126953125
24.469072266	0.124511719
24.593994141	0.125000000
24.703300781	0.124511719
24.828222656	0.125488281
24.953144531	0.126464844
25.062451172	0.127441406
25.187373047	0.128906250
25.296679687	0.129882812
25.421601563	0.131835937
25.530908203	0.133789062
25.655830078	0.136718750
25.765136719	0.138671875
25.890058594	0.141601562
25.999365234	0.144531250
26.124287109	0.147460937
26.249208984	0.150390625
26.358515625	0.154296875
26.499052734	0.156738281
26.608359375	0.159667969
26.717666016	0.161621094
26.842587891	0.163574219
26.967509766	0.171386719
27.076816406	0.322265625
27.201738281	0.312988281
27.326660156	0.306152344
27.435966797	0.298339844
27.560888672	0.291992187
27.685810547	0.285156250
27.795117188	0.278808594
27.888808594	0.272949219
28.013730469	0.266601562
28.138652344	0.260253906
28.247958984	0.254882812
28.357265625	0.249023437
28.482187500	0.243164062
28.591494141	0.237792969
28.732031250	0.231933594
28.841337891	0.226074219
28.950644531	0.221191406
29.075566406	0.215820312
29.200488281	0.211425781
29.309794922	0.207031250
29.434716797	0.202636719
29.559638672	0.198730469
29.668945312	0.195800781
29.809482422	0.192871094
29.903173828	0.190917969
30.012480469	0.187988281
30.137402344	0.186523437
30.262324219	0.184570312
30.371630859	0.183105469
30.480937500	0.182617187
30.621474609	0.182128906
30.730781250	0.182128906
30.746396484	0.182128906
30.746396484	0.181640625
30.746396484	0.181640625
30.746396484	0.181640625
30.730781250	0.182128906
30.730781250	0.181640625
30.746396484	0.182128906
30.730781250	0.181640625
30.730781250	0.181640625
30.746396484	0.181640625
30.746396484	0.182128906
30.730781250	0.181640625
30.730781250	0.181640625
30.730781250	0.181640625
30.746396484	0.182128906
30.746396484	0.182128906
30.730781250	0.182128906
30.730781250	0.181640625
30.730781250	0.182128906
30.746396484	0.181640625
30.746396484	0.181640625
30.730781250	0.181640625
30.746396484	0.181152344
30.746396484	0.181152344
30.730781250	0.181640625
30.730781250	0.181152344
30.746396484	0.181152344
30.746396484	0.181152344
30.730781250	0.181152344
30.730781250	0.180664062
30.746396484	0.180664062
30.730781250	0.181152344
30.730781250	0.181152344
30.730781250	0.180664062
30.746396484	0.180664062
30.730781250	0.180664062
30.746396484	0.180664062
30.746396484	0.180664062
30.730781250	0.180664062
30.730781250	0.180664062
30.746396484	0.180175781
30.730781250	0.180175781
30.746396484	0.180664062
30.746396484	0.180175781
30.746396484	0.180175781
30.746396484	0.180175781
30.746396484	0.180175781
30.730781250	0.180175781
30.730781250	0.180175781
30.730781250	0.180664062
30.746396484	0.180175781
30.730781250	0.180175781
30.730781250	0.180175781
30.730781250	0.180175781
30.746396484	0.180175781
30.715166016	0.180175781
30.746396484	0.180175781
30.730781250	0.180175781
30.746396484	0.179687500
30.746396484	0.180175781
30.746396484	0.179687500
30.730781250	0.179687500
30.746396484	0.179687500
30.762011719	0.179199219
30.730781250	0.179687500
30.746396484	0.179199219
30.746396484	0.179199219
30.746396484	0.179199219
30.746396484	0.179199219
30.730781250	0.179687500
30.730781250	0.179687500
30.730781250	0.179687500
30.730781250	0.180175781
30.715166016	0.180175781
30.746396484	0.180175781
30.746396484	0.180175781
30.730781250	0.180175781
30.715166016	0.179199219
30.730781250	0.179199219
30.746396484	0.179199219
30.730781250	0.179199219
30.730781250	0.179199219
30.730781250	0.179199219
30.730781250	0.178710937
30.730781250	0.178222656
30.730781250	0.178222656
30.730781250	0.178222656
30.715166016	0.178710937
30.730781250	0.178710937
30.715166016	0.178710937
30.730781250	0.178710937
30.730781250	0.178222656
30.730781250	0.178222656
30.715166016	0.178222656
30.730781250	0.178710937
30.715166016	0.178222656
30.715166016	0.178222656
30.715166016	0.178222656
30.715166016	0.178222656
30.730781250	0.177734375
30.730781250	0.177734375
30.715166016	0.177734375
30.730781250	0.177734375
30.715166016	0.177246094
30.730781250	0.177246094
30.730781250	0.176757812
30.715166016	0.176757812
30.730781250	0.176269531
30.715166016	0.176269531
30.715166016	0.176757812
30.715166016	0.176757812
30.730781250	0.176757812
30.730781250	0.177246094
30.715166016	0.176757812
30.730781250	0.177246094
30.715166016	0.176757812
30.715166016	0.176757812
30.730781250	0.177246094
30.730781250	0.176757812
30.715166016	0.177246094
30.730781250	0.176757812
30.715166016	0.177246094
30.730781250	0.178222656
30.730781250	0.177734375
30.715166016	0.178222656
30.715166016	0.177734375
30.730781250	0.177734375
30.730781250	0.177734375
30.715166016	0.177734375
30.715166016	0.177734375
30.715166016	0.177734375
30.715166016	0.177246094
30.715166016	0.177734375
30.715166016	0.177246094
30.730781250	0.177734375
30.715166016	0.177246094
30.730781250	0.169921875
30.730781250	0.400390625
30.715166016	0.387207031
30.715166016	0.374511719
30.715166016	0.363769531
30.730781250	0.353027344
30.715166016	0.341796875
30.730781250	0.333007812
30.715166016	0.323242187
30.715166016	0.313964844
30.715166016	0.305664062
30.730781250	0.298339844
30.715166016	0.290527344
30.715166016	0.283203125
30.715166016	0.276855469
30.730781250	0.270996094
30.715166016	0.264648437
30.715166016	0.258789062
30.715166016	0.253906250
30.746396484	0.249511719
30.730781250	0.244140625
30.730781250	0.240234375
30.715166016	0.235839844
30.746396484	0.232421875
30.715166016	0.228515625
30.730781250	0.225585937
30.715166016	0.222167969
30.715166016	0.218750000
30.715166016	0.216796875
30.730781250	0.213867187
30.715166016	0.211914062
30.715166016	0.208984375
30.715166016	0.207031250
30.699550781	0.205078125
30.715166016	0.203125000
30.715166016	0.201171875
30.715166016	0.199707031
30.715166016	0.198242187
30.715166016	0.196777344
30.730781250	0.195312500
30.715166016	0.193847656
30.715166016	0.192871094
30.715166016	0.191894531
30.730781250	0.190429687
30.715166016	0.189453125
30.715166016	0.188964844
30.715166016	0.187988281
30.715166016	0.186523437
30.699550781	0.186523437
30.730781250	0.185546875
30.715166016	0.185058594
30.715166016	0.184082031
30.730781250	0.183105469
30.715166016	0.182617187
30.715166016	0.182617187
30.715166016	0.182128906
30.715166016	0.181640625
30.715166016	0.181152344
30.730781250	0.180664062
30.715166016	0.180664062
30.730781250	0.180175781
30.746396484	0.180175781
30.715166016	0.179687500
30.730781250	0.179199219
30.730781250	0.179199219
30.730781250	0.178710937
30.715166016	0.178222656
30.730781250	0.178710937
30.715166016	0.178222656
30.715166016	0.178222656
30.715166016	0.178222656
30.730781250	0.178222656
30.730781250	0.179687500
30.715166016	0.179687500
30.715166016	0.180175781
30.699550781	0.180175781
30.715166016	0.179687500
30.715166016	0.179199219
30.715166016	0.179199219
30.715166016	0.178710937
30.715166016	0.178710937
30.699550781	0.178222656
30.715166016	0.177734375
30.715166016	0.177734375
30.715166016	0.176757812
30.730781250	0.176757812
30.730781250	0.176269531
30.699550781	0.176269531
30.715166016	0.176757812
30.715166016	0.175781250
30.715166016	0.176269531
30.715166016	0.175781250
30.715166016	0.175781250
30.715166016	0.175781250
30.715166016	0.176269531
30.730781250	0.175781250
30.715166016	0.176269531
30.699550781	0.175781250
30.715166016	0.176269531
30.715166016	0.175781250
30.715166016	0.176269531
30.715166016	0.175781250
30.715166016	0.176269531
30.730781250	0.175781250
30.715166016	0.176269531
30.715166016	0.175292969
30.715166016	0.175781250
30.730781250	0.176269531
30.715166016	0.176269531
30.715166016	0.175781250
30.715166016	0.176269531
30.715166016	0.176269531
30.715166016	0.175781250
30.715166016	0.175781250
30.715166016	0.175781250
30.715166016	0.176269531
30.715166016	0.176269531
30.715166016	0.176269531
30.715166016	0.176269531
30.715166016	0.176757812
30.715166016	0.176757812
30.699550781	0.176757812
30.715166016	0.176757812
30.730781250	0.177734375
30.715166016	0.178222656
30.715166016	0.178222656
30.715166016	0.177734375
30.715166016	0.177246094
30.715166016	0.197753906
30.715166016	0.196289062
30.715166016	0.194824219
30.715166016	0.193359375
30.715166016	0.192382812
30.715166016	0.190917969
30.715166016	0.189941406
30.715166016	0.188964844
30.715166016	0.187011719
30.715166016	0.186523437
30.699550781	0.185546875
30.715166016	0.184570312
30.715166016	0.184082031
30.434091797	0.183105469
30.715166016	0.182128906
30.715166016	0.181640625
30.715166016	0.181640625
30.730781250	0.180664062
30.715166016	0.180664062
30.699550781	0.179687500
30.699550781	0.179687500
30.715166016	0.179199219
30.699550781	0.178710937
30.715166016	0.178710937
30.715166016	0.178222656
30.715166016	0.177734375
30.715166016	0.177734375
30.715166016	0.176757812
30.699550781	0.176757812
30.715166016	0.176757812
30.699550781	0.176757812
30.715166016	0.176757812
30.699550781	0.176269531
30.715166016	0.176269531
30.699550781	0.176269531
30.699550781	0.175781250
30.699550781	0.175292969
30.715166016	0.175781250
30.699550781	0.175292969
30.715166016	0.175292969
30.699550781	0.175292969
30.715166016	0.174804687
30.699550781	0.174804687
30.715166016	0.175292969
30.699550781	0.174804687
30.715166016	0.174804687
30.699550781	0.174804687
30.715166016	0.174316406
30.699550781	0.174316406
30.715166016	0.174316406
30.699550781	0.174316406
30.715166016	0.174316406
30.699550781	0.174804687
30.715166016	0.174316406
30.699550781	0.174316406
30.699550781	0.174316406
30.699550781	0.174316406
30.715166016	0.174804687
30.715166016	0.173828125
30.715166016	0.173828125
30.715166016	0.174316406
30.715166016	0.174316406
30.699550781	0.174316406
30.730781250	0.173828125
30.715166016	0.173828125
30.715166016	0.173828125
30.715166016	0.173828125
30.715166016	0.173828125
30.699550781	0.173339844
30.715166016	0.164550781
30.699550781	0.165527344
30.715166016	0.166503906
30.699550781	0.166992187
30.715166016	0.166992187
30.699550781	0.167480469
30.715166016	0.167968750
30.699550781	0.167968750
30.730781250	0.168457031
30.699550781	0.168457031
30.730781250	0.168945312
30.715166016	0.169921875
30.730781250	0.169433594
30.715166016	0.169921875
30.730781250	0.170410156
30.699550781	0.167968750
30.730781250	0.339843750
30.699550781	0.331054687
30.730781250	0.320800781
30.699550781	0.311523437
30.730781250	0.302734375
30.699550781	0.294921875
30.730781250	0.287109375
30.699550781	0.280273437
30.730781250	0.273437500
30.699550781	0.268066406
30.730781250	0.261230469
30.699550781	0.255859375
30.730781250	0.250488281
30.699550781	0.246093750
30.715166016	0.241699219
30.699550781	0.237304687
30.730781250	0.233398437
30.699550781	0.229492187
30.730781250	0.226074219
30.699550781	0.222656250
30.730781250	0.219726562
30.715166016	0.216308594
30.715166016	0.213867187
30.699550781	0.211425781
30.730781250	0.208984375
30.699550781	0.206542969
30.730781250	0.204589844
30.699550781	0.202636719
30.730781250	0.200195312
30.699550781	0.199218750
30.730781250	0.196777344
30.699550781	0.195800781
30.730781250	0.193847656
30.699550781	0.192871094
30.746396484	0.191406250
30.715166016	0.190429687
30.715166016	0.189453125
30.715166016	0.188476562
30.730781250	0.186035156
30.699550781	0.185546875
30.730781250	0.184570312
30.715166016	0.184082031
30.715166016	0.183593750
30.715166016	0.182128906
30.715166016	0.182128906
30.699550781	0.181640625
30.715166016	0.181152344
30.715166016	0.180664062
30.746396484	0.179687500
30.715166016	0.176269531
30.730781250	0.175781250
30.699550781	0.175292969
30.715166016	0.174804687
30.715166016	0.174804687
30.730781250	0.174804687
30.715166016	0.174316406
30.730781250	0.174804687
30.699550781	0.174316406
30.715166016	0.173828125
30.699550781	0.172851562
30.715166016	0.172363281
30.699550781	0.171875000
30.730781250	0.171875000
30.715166016	0.171875000
30.730781250	0.171386719
30.699550781	0.172363281
30.715166016	0.171875000
30.715166016	0.171386719
30.730781250	0.171875000
30.699550781	0.171875000
30.715166016	0.171875000
30.699550781	0.171875000
30.730781250	0.171875000
30.699550781	0.171386719
30.699550781	0.171875000
30.715166016	0.171875000
30.730781250	0.171875000
30.699550781	0.171386719
30.730781250	0.171386719
30.715166016	0.171386719
30.730781250	0.173339844
30.699550781	0.173339844
30.730781250	0.172851562
30.699550781	0.173339844
30.730781250	0.172851562
30.699550781	0.172363281
30.730781250	0.172363281
30.699550781	0.172363281
30.746396484	0.172363281
30.699550781	0.172363281
30.730781250	0.172851562
30.715166016	0.172363281
30.730781250	0.171875000
30.699550781	0.171875000
30.730781250	0.171875000
30.699550781	0.172363281
30.730781250	0.171875000
30.699550781	0.171875000
30.730781250	0.171875000
30.699550781	0.171875000
30.730781250	0.171386719
30.699550781	0.171875000
30.730781250	0.170898437
30.699550781	0.171386719
30.715166016	0.171875000
30.699550781	0.171386719
30.715166016	0.171386719
30.715166016	0.170898437
30.730781250	0.170898437
30.715166016	0.171386719
30.715166016	0.171386719
30.699550781	0.170898437
30.730781250	0.170898437
30.699550781	0.170898437
30.699550781	0.170898437
30.699550781	0.170898437
30.730781250	0.170898437
30.699550781	0.170410156
30.715166016	0.170410156
30.715166016	0.170898437
30.730781250	0.170410156
30.699550781	0.170410156
30.730781250	0.170410156
30.699550781	0.170898437
30.730781250	0.170898437
30.699550781	0.170898437
30.715166016	0.169921875
30.699550781	0.170410156
30.715166016	0.170410156
30.699550781	0.170898437
30.699550781	0.170410156
30.699550781	0.170410156
30.699550781	0.170410156
30.699550781	0.170410156
30.715166016	0.169921875
30.699550781	0.170410156
30.715166016	0.170410156
30.699550781	0.169921875
30.730781250	0.169921875
30.715166016	0.170410156
30.715166016	0.170410156
30.699550781	0.169433594
30.699550781	0.169433594
30.699550781	0.169433594
30.730781250	0.169433594
30.699550781	0.169433594
30.730781250	0.168945312
30.699550781	0.169433594
30.715166016	0.169433594
30.699550781	0.169433594
30.730781250	0.169433594
30.699550781	0.169921875
30.699550781	0.169433594
30.699550781	0.169921875
30.715166016	0.169921875
30.699550781	0.169433594
30.715166016	0.169433594
30.699550781	0.169433594
30.699550781	0.169433594
30.683935547	0.169433594
30.699550781	0.169433594
30.699550781	0.169921875
30.715166016	0.169433594
30.699550781	0.169433594
30.699550781	0.169433594
30.683935547	0.169433594
30.715166016	0.168945312
30.699550781	0.169433594
30.699550781	0.169433594
30.699550781	0.169433594
30.730781250	0.169433594
30.699550781	0.166503906
30.715166016	0.166015625
30.699550781	0.166503906
30.730781250	0.166015625
30.699550781	0.166503906
30.715166016	0.166992187
30.699550781	0.166992187
30.715166016	0.166503906
30.683935547	0.166992187
30.715166016	0.165527344
30.699550781	0.218261719
30.715166016	0.243652344
30.699550781	0.239257812
30.730781250	0.234375000
30.699550781	0.230468750
30.699550781	0.226562500
30.699550781	0.223144531
30.715166016	0.219238281
30.699550781	0.216308594
30.699550781	0.213378906
30.699550781	0.209960937
30.699550781	0.208007812
30.699550781	0.205078125
30.730781250	0.202148437
30.699550781	0.200683594
30.715166016	0.198242187
30.683935547	0.196289062
30.715166016	0.193847656
30.699550781	0.192871094
30.715166016	0.191406250
30.699550781	0.189941406
30.699550781	0.188964844
30.699550781	0.187500000
30.699550781	0.186523437
30.699550781	0.185058594
30.699550781	0.184082031
30.699550781	0.183105469
30.715166016	0.181640625
30.683935547	0.181152344
30.699550781	0.180175781
30.683935547	0.212890625
30.715166016	0.209472656
30.699550781	0.207031250
30.715166016	0.204589844
30.699550781	0.202148437
30.699550781	0.199707031
30.699550781	0.197753906
30.715166016	0.195800781
30.683935547	0.194335937
30.699550781	0.192871094
30.683935547	0.192382812
30.699550781	0.191406250
30.683935547	0.189453125
30.715166016	0.187011719
30.699550781	0.186523437
30.699550781	0.185058594
30.683935547	0.184082031
30.699550781	0.183105469
30.683935547	0.182128906
30.715166016	0.180664062
30.683935547	0.180175781
30.683935547	0.179199219
30.699550781	0.178710937
30.699550781	0.177734375
30.683935547	0.176757812
30.699550781	0.176757812
30.683935547	0.176269531
30.683935547	0.175292969
30.683935547	0.174804687
30.699550781	0.174316406
30.683935547	0.174316406
30.715166016	0.173339844
30.683935547	0.173339844
30.699550781	0.172851562
30.699550781	0.172363281
30.715166016	0.171875000
30.683935547	0.171875000
30.699550781	0.171386719
30.683935547	0.171386719
30.699550781	0.170898437
30.699550781	0.170898437
30.699550781	0.170898437
30.683935547	0.170410156
30.715166016	0.169921875
30.699550781	0.169921875
30.699550781	0.169921875
30.683935547	0.169433594
30.715166016	0.168945312
30.683935547	0.168945312
30.715166016	0.168945312
30.683935547	0.168945312
30.699550781	0.169433594
30.683935547	0.168945312
30.715166016	0.168457031
30.683935547	0.168945312
30.715166016	0.168457031
30.683935547	0.168457031
30.715166016	0.168457031
30.683935547	0.168457031
30.715166016	0.167480469
30.683935547	0.167480469
30.699550781	0.167480469
30.683935547	0.167480469
30.699550781	0.167480469
30.683935547	0.167968750
30.699550781	0.167480469
30.683935547	0.167480469
30.699550781	0.167480469
30.683935547	0.166992187
30.699550781	0.166992187
30.683935547	0.167480469
30.699550781	0.167480469
30.683935547	0.167480469
30.699550781	0.167480469
30.683935547	0.166992187
30.715166016	0.166992187
30.683935547	0.166992187
30.699550781	0.166992187
30.683935547	0.166503906
30.715166016	0.166992187
30.699550781	0.166992187
30.715166016	0.166992187
30.699550781	0.166992187
30.715166016	0.166503906
30.699550781	0.166503906
30.715166016	0.166992187
30.683935547	0.166503906
30.699550781	0.166503906
30.683935547	0.166992187
30.715166016	0.166503906
30.683935547	0.166992187
30.715166016	0.166503906
30.699550781	0.166503906
30.699550781	0.166503906
30.683935547	0.166992187
30.715166016	0.166015625
30.699550781	0.166503906
30.715166016	0.166015625
30.683935547	0.166503906
30.699550781	0.166503906
30.699550781	0.166992187
30.715166016	0.166503906
30.683935547	0.166503906
30.699550781	0.166503906
30.683935547	0.166992187
30.699550781	0.166503906
30.683935547	0.166503906
30.699550781	0.166503906
30.683935547	0.166992187
30.699550781	0.166503906
30.683935547	0.166992187
30.699550781	0.166992187
30.699550781	0.166992187
30.699550781	0.166992187
30.683935547	0.166992187
30.699550781	0.166503906
30.683935547	0.166992187
30.699550781	0.166503906
30.699550781	0.166503906
30.699550781	0.166503906
30.683935547	0.166503906
30.699550781	0.166015625
30.699550781	0.166503906
30.699550781	0.166503906
30.699550781	0.166503906
30.699550781	0.166503906
30.683935547	0.166503906
30.699550781	0.166503906
30.683935547	0.166503906
30.699550781	0.166503906
30.683935547	0.166503906
30.699550781	0.166015625
30.683935547	0.166992187
30.699550781	0.166503906
30.699550781	0.166503906
30.699550781	0.166015625
30.683935547	0.166015625
30.699550781	0.166503906
30.699550781	0.166015625
30.699550781	0.166503906
30.683935547	0.166503906
30.699550781	0.166992187
30.699550781	0.166503906
30.699550781	0.166015625
30.699550781	0.166503906
30.699550781	0.166503906
30.699550781	0.166503906
30.699550781	0.166503906
30.683935547	0.166503906
30.699550781	0.166015625
30.683935547	0.166503906
30.699550781	0.166503906
30.699550781	0.166503906
30.699550781	0.166503906
30.699550781	0.166503906
30.699550781	0.166503906
30.683935547	0.166503906
30.699550781	0.166503906
30.683935547	0.166503906
30.699550781	0.166503906
30.683935547	0.166992187
30.699550781	0.166503906
30.683935547	0.166503906
30.683935547	0.166503906
30.683935547	0.166503906
30.699550781	0.166503906
30.699550781	0.166992187
30.683935547	0.166992187
30.683935547	0.166503906
30.699550781	0.166992187
30.683935547	0.166992187
30.699550781	0.166992187
30.683935547	0.166503906
30.699550781	0.166503906
30.683935547	0.166503906
30.683935547	0.166992187
30.683935547	0.166992187
30.699550781	0.166992187
30.683935547	0.166992187
30.683935547	0.166992187
30.683935547	0.166503906
30.699550781	0.166992187
30.699550781	0.166503906
30.699550781	0.166992187
30.683935547	0.166992187
30.699550781	0.166992187
30.699550781	0.167480469
30.699550781	0.166992187
30.699550781	0.166992187
30.699550781	0.166992187
30.683935547	0.167480469
30.683935547	0.166992187
30.699550781	0.166992187
30.683935547	0.166992187
30.683935547	0.167480469
30.699550781	0.166992187
30.699550781	0.166992187
30.699550781	0.166992187
30.683935547	0.166992187
30.699550781	0.166992187
30.683935547	0.166992187
30.699550781	0.166992187
30.683935547	0.166992187
30.699550781	0.167480469
30.683935547	0.166992187
30.699550781	0.166992187
30.683935547	0.167480469
30.699550781	0.167480469
30.699550781	0.167480469
30.699550781	0.166992187
30.699550781	0.166992187
30.699550781	0.167480469
30.699550781	0.167480469
30.699550781	0.165527344
30.683935547	0.165527344
30.699550781	0.165527344
30.683935547	0.166015625
30.699550781	0.166015625
30.699550781	0.166015625
30.699550781	0.166015625
30.699550781	0.166503906
30.699550781	0.166503906
30.683935547	0.166992187
30.699550781	0.166503906
30.699550781	0.166503906
30.699550781	0.166503906
30.699550781	0.166503906
30.699550781	0.166503906
30.699550781	0.166503906
30.699550781	0.166503906
30.683935547	0.166992187
30.699550781	0.166503906
30.699550781	0.166503906
30.699550781	0.166503906
30.683935547	0.166992187
30.715166016	0.166503906
30.683935547	0.166992187
30.699550781	0.166992187
30.683935547	0.166992187
30.699550781	0.167968750
30.683935547	0.167480469
30.699550781	0.167480469
30.683935547	0.167968750
30.699550781	0.167968750
30.683935547	0.167968750
30.699550781	0.168457031
30.683935547	0.168457031
30.699550781	0.168945312
30.699550781	0.169433594
30.699550781	0.168945312
30.699550781	0.168945312
30.699550781	0.168457031
30.683935547	0.166992187
30.683935547	0.166015625
30.683935547	0.166015625
30.683935547	0.165527344
30.668320313	0.165527344
30.683935547	0.165039062
30.668320313	0.166015625
30.683935547	0.165527344
30.683935547	0.166015625
30.683935547	0.166015625
30.668320313	0.166503906
30.683935547	0.166503906
30.683935547	0.166503906
30.683935547	0.166503906
30.668320313	0.166992187
30.683935547	0.166503906
30.668320313	0.166992187
30.683935547	0.167480469
30.668320313	0.166992187
30.699550781	0.166992187
30.683935547	0.167480469
30.683935547	0.167480469
30.668320313	0.167480469
30.683935547	0.167480469
30.668320313	0.167480469
30.683935547	0.167480469
30.668320313	0.167480469
30.683935547	0.167480469
30.668320313	0.167968750
30.699550781	0.167480469
30.668320313	0.167480469
30.683935547	0.167480469
30.668320313	0.167480469
30.699550781	0.167480469
30.668320313	0.167480469
30.683935547	0.167968750
30.683935547	0.165527344
30.668320313	0.192871094
30.668320313	0.190917969
30.683935547	0.189941406
30.668320313	0.187500000
30.683935547	0.186523437
30.683935547	0.185058594
30.683935547	0.183593750
30.668320313	0.183105469
30.683935547	0.181640625
30.683935547	0.180664062
30.683935547	0.179687500
30.683935547	0.179199219
30.699550781	0.178222656
30.668320313	0.177246094
30.699550781	0.176757812
30.668320313	0.176269531
30.699550781	0.175292969
30.668320313	0.175292969
30.683935547	0.174804687
30.683935547	0.174316406
30.699550781	0.173828125
30.668320313	0.173828125
30.699550781	0.172851562
30.683935547	0.172851562
30.699550781	0.172363281
30.668320313	0.171875000
30.683935547	0.171875000
30.683935547	0.171875000
30.699550781	0.170898437
30.668320313	0.170898437
30.699550781	0.170410156
30.668320313	0.170410156
30.683935547	0.170410156
30.668320313	0.169921875
30.683935547	0.170410156
30.668320313	0.169921875
30.683935547	0.169433594
30.668320313	0.169433594
30.699550781	0.168945312
30.683935547	0.169433594
30.683935547	0.169433594
30.668320313	0.168945312
30.699550781	0.168945312
30.668320313	0.168945312
30.699550781	0.171875000
30.668320313	0.169921875
30.683935547	0.169921875
30.668320313	0.169921875
30.699550781	0.169433594
30.668320313	0.169433594
30.699550781	0.168945312
30.668320313	0.168945312
30.699550781	0.168945312
30.683935547	0.168945312
30.683935547	0.168457031
30.668320313	0.168457031
30.683935547	0.168457031
30.668320313	0.168457031
30.683935547	0.167968750
30.683935547	0.167968750
30.699550781	0.167968750
30.668320313	0.167968750
30.668320313	0.167968750
30.668320313	0.168457031
30.683935547	0.167968750
30.652705078	0.167968750
30.699550781	0.167480469
30.668320313	0.167480469
30.668320313	0.167480469
30.652705078	0.165039062
30.668320313	0.165527344
30.668320313	0.165039062
30.668320313	0.165039062
30.668320313	0.165527344
30.668320313	0.165527344
30.652705078	0.165039062
30.668320313	0.165039062
30.652705078	0.165039062
30.668320313	0.165527344
30.668320313	0.165527344