# Chart Recorder Data File Thu, Mar 15, 2018 10:39 AM
# CH1 (V)  	CH2 (V)  
-0.437226562	0.026855469
-0.437226562	0.026855469
-0.437226562	0.025878906
-0.437226562	0.025390625
-0.437226562	0.024414062
-0.437226562	0.023925781
-0.437226562	0.023437500
-0.437226562	0.022949219
-0.437226562	0.022460937
-0.437226562	0.021972656
-0.437226562	0.021484375
-0.437226562	0.021484375
-0.437226562	0.020996094
-0.437226562	0.020507812
-0.327919922	0.020507812
-0.202998047	0.020019531
-0.093691406	0.020019531
0.015615234	0.019531250
0.140537109	0.019531250
0.249843750	0.019531250
0.390380859	0.019042969
0.499687500	0.019042969
0.624609375	0.019042969
0.733916016	0.019042969
0.858837891	0.018554687
0.968144531	0.019042969
1.093066406	0.018554687
1.202373047	0.018554687
1.327294922	0.018554687
1.452216797	0.018554687
1.577138672	0.018554687
1.686445313	0.018554687
1.811367187	0.018554687
1.920673828	0.018066406
2.045595703	0.018066406
2.170517578	0.018554687
2.279824219	0.018554687
2.404746094	0.018066406
2.514052734	0.018554687
2.638974609	0.018066406
2.748281250	0.018554687
2.873203125	0.018554687
2.982509766	0.018554687
3.107431641	0.018554687
3.232353516	0.018554687
3.341660156	0.018554687
3.466582031	0.019531250
3.591503906	0.019531250
3.700810547	0.019531250
3.825732422	0.020507812
3.935039063	0.020996094
4.044345703	0.021972656
4.169267578	0.022949219
4.278574219	0.023437500
4.403496094	0.024902344
4.512802734	0.026855469
4.637724609	0.027832031
4.747031250	0.029785156
4.887568359	0.030761719
4.981259766	0.032714844
5.121796875	0.032226562
5.231103516	0.033691406
5.356025391	0.035644531
5.465332031	0.038574219
5.590253906	0.041015625
5.715175781	0.043457031
5.824482422	0.046386719
5.933789062	0.049804687
6.058710937	0.052734375
6.168017578	0.055664062
6.308554688	0.060546875
6.417861328	0.064453125
6.542783203	0.068359375
6.652089844	0.072265625
6.777011719	0.077148437
6.901933594	0.081054687
7.026855469	0.084960937
7.136162109	0.089355469
7.261083984	0.093750000
7.370390625	0.097656250
7.495312500	0.101562500
7.604619141	0.105468750
7.729541016	0.108886719
7.854462891	0.112792969
7.963769531	0.116210937
8.057460938	0.119628906
8.182382813	0.122558594
8.307304688	0.125488281
8.432226563	0.127929687
8.541533203	0.130371094
8.650839844	0.132324219
8.791376953	0.134765625
8.900683594	0.136718750
9.025605469	0.138183594
9.134912109	0.139648437
9.259833984	0.141601562
9.369140625	0.143066406
9.494062500	0.145019531
9.618984375	0.146972656
9.728291016	0.148925781
9.853212891	0.150878906
9.962519531	0.153320312
10.071826172	0.155761719
10.196748047	0.158691406
10.337285156	0.161621094
10.430976562	0.165527344
10.555898437	0.168945312
10.680820312	0.173828125
10.805742187	0.178222656
10.915048828	0.183105469
11.024355469	0.189453125
11.149277344	0.195312500
11.274199219	0.201660156
11.383505859	0.207519531
11.508427734	0.214355469
11.617734375	0.220214844
11.758271484	0.225585937
11.867578125	0.229980469
11.961269531	0.233398437
12.070576172	0.236328125
12.195498047	0.237792969
12.320419922	0.238769531
12.445341797	0.239257812
12.554648437	0.239257812
12.679570312	0.238281250
12.788876953	0.237304687
12.913798828	0.235839844
13.023105469	0.234375000
13.148027344	0.231933594
13.272949219	0.230468750
13.382255859	0.227539062
13.507177734	0.225097656
13.632099609	0.222656250
13.757021484	0.220214844
13.866328125	0.217285156
13.991250000	0.215820312
14.100556641	0.213378906
14.209863281	0.211914062
14.334785156	0.209960937
14.444091797	0.208984375
14.569013672	0.208984375
14.693935547	0.209472656
14.818857422	0.209960937
14.928164063	0.211425781
15.053085938	0.212890625
15.162392578	0.215332031
15.287314453	0.218261719
15.396621094	0.222167969
15.521542969	0.226074219
15.646464844	0.231445312
15.755771484	0.236816406
15.880693359	0.242675781
15.974384766	0.249511719
16.099306641	0.256347656
16.224228516	0.263183594
16.333535156	0.270996094
16.474072266	0.278808594
16.567763672	0.286132812
16.692685547	0.293457031
16.801992187	0.299804687
16.942529297	0.305175781
17.051835937	0.309082031
17.176757812	0.312011719
17.286064453	0.314453125
17.410986328	0.315917969
17.520292969	0.315917969
17.645214844	0.314941406
17.754521484	0.314453125
17.863828125	0.311035156
17.988750000	0.309082031
18.113671875	0.305664062
18.238593750	0.302734375
18.347900391	0.298828125
18.472822266	0.294921875
18.597744141	0.290527344
18.707050781	0.286132812
18.831972656	0.281738281
18.941279297	0.276855469
19.066201172	0.271972656
19.175507813	0.267089844
19.300429687	0.262207031
19.409736328	0.258789062
19.550273437	0.255371094
19.659580078	0.251953125
19.784501953	0.249511719
19.893808594	0.248535156
19.987500000	0.248046875
20.096806641	0.248535156
20.221728516	0.249511719
20.346650391	0.251953125
20.471572266	0.255371094
20.580878906	0.258789062
20.721416016	0.263183594
20.830722656	0.268554687
20.940029297	0.274902344
21.064951172	0.281738281
21.189873047	0.289062500
21.299179688	0.296386719
21.408486328	0.304687500
21.533408203	0.312011719
21.658330078	0.320312500
21.767636719	0.327148437
21.892558594	0.333984375
22.001865234	0.339355469
22.126787109	0.344726562
22.236093750	0.348144531
22.361015625	0.351562500
22.470322266	0.353027344
22.610859375	0.354492187
22.720166016	0.354980469
22.845087891	0.354492187
22.954394531	0.353515625
23.079316406	0.351562500
23.188623047	0.349609375
23.313544922	0.345214844
23.422851562	0.342285156
23.547773437	0.337890625
23.657080078	0.333496094
23.782001953	0.328613281
23.891308594	0.323730469
24.016230469	0.318847656
24.141152344	0.312988281
24.250458984	0.306640625
24.359765625	0.301269531
24.484687500	0.295898437
24.593994141	0.291015625
24.718916016	0.286132812
24.828222656	0.282226562
24.953144531	0.278808594
25.078066406	0.276367187
25.202988281	0.274902344
25.312294922	0.274414062
25.437216797	0.274902344
25.546523437	0.276855469
25.671445313	0.279296875
25.796367187	0.283203125
25.905673828	0.287597656
26.030595703	0.292968750
26.139902344	0.299316406
26.249208984	0.305664062
26.374130859	0.312988281
26.499052734	0.320800781
26.608359375	0.328125000
26.733281250	0.335449219
26.858203125	0.342285156
26.967509766	0.349609375
27.076816406	0.355468750
27.201738281	0.360839844
27.326660156	0.365234375
27.435966797	0.369140625
27.560888672	0.372558594
27.685810547	0.374511719
27.795117188	0.376464844
27.888808594	0.376953125
28.029345703	0.376953125
28.138652344	0.376464844
28.247958984	0.375000000
28.357265625	0.373046875
28.497802734	0.370117187
28.591494141	0.367187500
28.732031250	0.364257812
28.825722656	0.359863281
28.966259766	0.355468750
29.075566406	0.351074219
29.216103516	0.346191406
29.309794922	0.341796875
29.434716797	0.335937500
29.559638672	0.330566406
29.684560547	0.325195312
29.809482422	0.319824219
29.918789063	0.314453125
30.028095703	0.310058594
30.153017578	0.305175781
30.262324219	0.302246094
30.387246094	0.298828125
30.512167969	0.297363281
30.621474609	0.296875000
30.730781250	0.297851562
30.855703125	0.299804687
30.886933594	0.301757812
30.902548828	0.303710937
30.918164063	0.305175781
30.902548828	0.306640625
30.918164063	0.307617187
30.902548828	0.308593750
30.918164063	0.308593750
30.902548828	0.310058594
30.902548828	0.310058594
30.902548828	0.311035156
30.902548828	0.311035156
30.886933594	0.311035156
30.902548828	0.310546875
30.886933594	0.311035156
30.886933594	0.311035156
30.886933594	0.311035156
30.886933594	0.311523437
30.902548828	0.311523437
30.902548828	0.311523437
30.902548828	0.312011719
30.918164063	0.312011719
30.902548828	0.312011719
30.918164063	0.312011719
30.902548828	0.312500000
30.902548828	0.312011719
30.918164063	0.312011719
30.933779297	0.312011719
30.918164063	0.312011719
30.918164063	0.312011719
30.918164063	0.312011719
30.902548828	0.312011719
30.902548828	0.312011719
30.902548828	0.312011719
30.902548828	0.312011719
30.918164063	0.311523437
30.902548828	0.312011719
30.918164063	0.311523437
